4495670
4495672
4495673
4495674
4495675
4495676
4495677
4495679
4495681
4495682
4495683
4495684
4495685
4495685
4495687
4495688
4495688
4495690
4495690
4495692
4495693
4495693
4495695
4495695
4495697
4495697
4495699
4495700
4495701
4495702
4495703
4495704
4495705
4495706
4495707
4495709
4495710
4495711
4495712
4495713
4495714
4495715
4495716
4495717
4495718
4495719
4495720
4495721
4495722
4495724
4495727
4495731
4495732
4495733
4495735
4495739
4495740
4495741
4495742
4495743
4495744
4495745
4495747
4495748
4495749
4495750
4495751
4495752
4495753
4495754
4495755
4495756
4495757
4495758
4495759
4495760
4495763
4495765
4495766
4495770
4495771
4495771
4495773
4495775
4495779
4495781
4495781
4495782
4495783
4495784
4495785
4495786
4495786
4495788
4495788
4495789
4495790
4495791
4495792
4495793
4495796
4495797
4495798
4495798
4495801
4495803
4495804
4495805
4495806
4495809
4495810
4495811
4495812
4495813
4495815
4495816
4495817
4495820
4495821
4495822
4495823
4495824
4495825
4495826
4495830
4495831
4495832
4495833
4495834
4495835
4495836
4495837
4495838
4495839
4495840
4495841
4495845
4495846
4495847
4495850
4495851
4495852
4495853
4495854
4495855
4495856
4495857
4495861
4495862
4495863
4495864
4495865
4495866
4495867
4495868
4495869
4495870
4495873
4495874
4495875
4495876
4495877
4495878
4495879
4495880
4495881
4495882
4495886
4495887
4495890
4495895
4495897
4495899
4495900
4495902
4495903
4495905
4495907
4495908
4495909
4495910
4495910
4495912
4495912
4495914
4495914
4495916
4495917
4495918
4495919
4495920
4495921
4495922
4495923
4495924
4495925
4495926
4495927
4495928
4495929
4495930
4495931
4495932
4495933
4495934
4495935
4495936
4495937
4495938
4495939
4495940
4495941
4495942
4495943
4495944
4495945
4495946
4495948
4495949
4495950
4495951
4495952
4495954
4495955
4495956
4495957
4495958
4495959
4495961
4495962
4495964
4495965
4495967
4495967
4495969
4495970
4495971
4495972
4495973
4495976
4495977
4495978
4495979
4495980
4495984
4495985
4495986
4495987
4495990
4495991
4495992
4495993
4495994
4495996
4495998
4495999
4496000
4496002
4496002
4496004
4496005
4496007
4496010
4496012
4496013
4496014
4496015
4496016
4496017
4496018
4496019
4496020
4496021
4496022
4496023
4496024
4496025
4496030
4496030
4496032
4496032
4496034
4496034
4496036
4496036
4496038
4496038
4496040
4496040
4496042
4496042
4496044
4496044
4496046
4496046
4496048
4496048
4496050
4496050
4496052
4496052
4496054
4496054
4496056
4496056
4496058
4496058
4496060
4496060
4496062
4496062
4496064
4496064
4496066
4496066
4496070
4496071
4496072
4496073
4496075
4496076
4496077
4496078
4496079
4496080
4496081
4496082
4496083
4496084
4496085
4496086
4496087
4496088
4496089
4496090
4496091
4496092
4496095
4496096
4496097
4496098
4496099
4496100
4496100
4496104
4496104
4496105
4496106
4496108
4496108
4496108
4496111
4496111
4496112
4496112
4496113
4496113
4496114
4496115
4496115
4496116
4496116
4496117
4496117
4496119
4496120
4496121
4496123
4496125
4496126
4496128
4496129
4496130
4496131
4496135
4496136
4496137
4496138
4496139
4496140
4496141
4496142
4496143
4496147
4496149
4496150
4496151
4496152
4496153
4496154
4496155
4496156
4496157
4496158
4496159
4496160
4496161
4496162
4496163
4496164
4496165
4496166
4496167
4496168
4496169
4496170
4496170
4496171
4496172
4496173
4496174
4496175
4496175
4496177
4496177
4496182
4496182
4496184
4496185
4496185
4496187
4496189
4496190
4496191
4496192
4496193
4496194
4496195
4496196
4496197
4496198
4496199
4496200
4496201
4496201
4496204
4496204
4496206
4496206
4496208
4496208
4496210
4496211
4496211
4496213
4496213
4496215
4496215
4496217
4496217
4496220
4496220
4496222
4496222
4496224
4496224
4496226
4496226
4496228
4496228
4496230
4496231
4496232
4496233
4496235
4496235
4496237
4496237
4496239
4496239
4496241
4496241
4496243
4496244
4496244
4496247
4496248
4496249
4496250
4496250
4496252
4496255
4496256
4496257
4496258
4496259
4496260
4496261
4496262
4496263
4496264
4496265
4496266
4496267
4496268
4496269
4496270
4496271
4496272
4496273
4496274
4496275
4496276
4496277
4496280
4496281
4496283
4496284
4496285
4496286
4496288
4496289
4496290
4496291
4496292
4496293
4496294
4496295
4496296
4496297
4496298
4496299
4496300
4496301
4496302
4496303
4496304
4496305
4496306
4496307
4496308
4496309
4496310
4496311
4496312
4496313
4496314
4496315
4496316
4496317
4496318
4496319
4496320
4496321
4496322
4496323
4496324
4496325
4496326
4496327
4496328
4496329
4496330
4496331
4496332
4496333
4496334
4496335
4496336
4496337
4496338
4496339
4496340
4496341
4496342
4496343
4496345
4496346
4496347
4496348
4496348
4496351
4496351
4496356
4496357
4496359
4496368
4496374
4496381
4496383
4496385
4496387
4496389
4496391
4496394
4496396
4496397
4496398
4496399
4496401
4496402
4496403
4496403
4496404
4496405
4496406
4496407
4496408
4496409
4496410
4496411
4496412
4496413
4496415
4496416
4496416
4496419
4496420
4496421
4496422
4496423
4496424
4496425
4496426
4496427
4496428
4496429
4496429
4496430
4496431
4496432
4496433
4496434
4496434
4496435
4496436
4496437
4496438
4496439
4496440
4496441
4496441
4496442
4496443
4496444
4496445
4496446
4496447
4496450
4496452
4496453
4496454
4496456
4496457
4496458
4496459
4496460
4496462
4496463
4496464
4496465
4496466
4496467
4496468
4496469
4496470
4496471
4496472
4496473
4496474
4496475
4496476
4496477
4496478
4496479
4496480
4496481
4496482
4496483
4496484
4496485
4496486
4496487
4496489
4496490
4496491
4496492
4496493
4496494
4496495
4496496
4496497
4496498
4496499
4496500
4496501
4496502
4496503
4496504
4496505
4496506
4496507
4496508
4496509
4496510
4496511
4496512
4496513
4496514
4496515
4496516
4496517
4496518
4496519
4496520
4496521
4496523
4496524
4496524
4496526
4496527
4496528
4496529
4496530
4496532
4496534
4496535
4496536
4496537
4496540
4496541
4496542
4496543
4496544
4496545
4496547
4496548
4496552
4496553
4496554
4496556
4496557
4496558
4496562
4496562
4496567
4496568
4496574
4496576
4496577
4496579
4496580
4496581
4496582
4496583
4496584
4496585
4496586
4496587
4496588
4496589
4496590
4496591
4496592
4496593
4496594
4496595
4496596
4496597
4496598
4496599
4496600
4496601
4496602
4496603
4496604
4496605
4496606
4496607
4496608
4496609
4496610
4496611
4496612
4496613
4496614
4496615
4496616
4496617
4496618
4496619
4496620
4496621
4496622
4496623
4496624
4496625
4496626
4496627
4496628
4496629
4496630
4496631
4496632
4496633
4496634
4496635
4496636
4496637
4496638
4496639
4496640
4496641
4496642
4496643
4496644
4496645
4496646
4496647
4496648
4496649
4496650
4496651
4496652
4496653
4496654
4496655
4496656
4496657
4496658
4496659
4496660
4496661
4496662
4496663
4496664
4496665
4496666
4496667
4496668
4496669
4496670
4496671
4496672
4496673
4496674
4496675
4496676
4496677
4496678
4496679
4496680
4496681
4496682
4496683
4496684
4496685
4496686
4496687
4496688
4496689
4496690
4496691
4496692
4496693
4496694
4496695
4496696
4496697
4496698
4496699
4496700
4496701
4496702
4496703
4496704
4496705
4496706
4496707
4496708
4496709
4496710
4496711
4496712
4496713
4496714
4496715
4496716
4496717
4496718
4496719
4496720
4496721
4496722
4496723
4496724
4496725
4496726
4496727
4496728
4496729
4496730
4496731
4496732
4496733
4496734
4496735
4496736
4496737
4496738
4496739
4496740
4496741
4496742
4496743
4496744
4496745
4496746
4496747
4496748
4496749
4496750
4496751
4496752
4496753
4496754
4496755
4496756
4496757
4496758
4496759
4496760
4496761
4496762
4496763
4496764
4496765
4496766
4496767
4496768
4496769
4496770
4496771
4496772
4496773
4496774
4496775
4496776
4496777
4496778
4496779
4496780
4496781
4496782
4496783
4496784
4496785
4496786
4496787
4496788
4496789
4496790
4496791
4496792
4496793
4496794
4496795
4496796
4496797
4496798
4496799
4496800
4496801
4496802
4496804
4496804
4496806
4496806
4496808
4496810
4496811
4496813
4496813
4496815
4496815
4496817
4496819
4496820
4496821
4496823
4496823
4496826
4496827
4496828
4496829
4496830
4496831
4496832
4496833
4496834
4496835
4496836
4496837
4496838
4496839
4496840
4496841
4496842
4496843
4496844
4496845
4496847
4496848
4496849
4496850
4496852
4496853
4496854
4496855
4496856
4496857
4496858
4496859
4496860
4496861
4496861
4496863
4496864
4496865
4496866
4496867
4496868
4496869
4496870
4496871
4496873
4496874
4496875
4496876
4496878
4496882
4496883
4496884
4496887
4496894
4496895
4496896
4496897
4496898
4496899
4496901
4496902
4496903
4496904
4496905
4496906
4496907
4496908
4496909
4496910
4496911
4496912
4496913
4496914
4496915
4496916
4496917
4496918
4496919
4496920
4496921
4496922
4496923
4496924
4496925
4496926
4496927
4496928
4496929
4496930
4496931
4496932
4496933
4496934
4496935
4496936
4496937
4496938
4496939
4496940
4496941
4496942
4496943
4496944
4496945
4496946
4496947
4496948
4496949
4496950
4496951
4496952
4496953
4496954
4496955
4496956
4496957
4496958
4496959
4496960
4496961
4496962
4496963
4496964
4496965
4496966
4496967
4496968
4496969
4496970
4496971
4496972
4496973
4496974
4496975
4496976
4496977
4496978
4496979
4496980
4496981
4496982
4496983
4496984
4496985
4496986
4496987
4496988
4496992
4496992
4496994
4496995
4496996
4496998
4496999
4497000
4497001
4497002
4497003
4497004
4497005
4497006
4497007
4497008
4497009
4497010
4497011
4497012
4497013
4497016
4497016
4497018
4497018
4497020
4497021
4497022
4497023
4497025
4497026
4497027
4497028
4497029
4497030
4497031
4497032
4497033
4497034
4497035
4497036
4497037
4497038
4497039
4497040
4497042
4497043
4497044
4497045
4497046
4497049
4497056
4497057
4497058
4497059
4497060
4497061
4497062
4497063
4497064
4497065
4497066
4497067
4497068
4497069
4497070
4497071
4497072
4497073
4497074
4497075
4497076
4497077
4497079
4497080
4497080
4497081
4497082
4497083
4497084
4497085
4497086
4497089
4497091
4497092
4497093
4497094
4497095
4497096
4497097
4497098
4497099
4497100
4497101
4497102
4497103
4497104
4497105
4497106
4497110
4497110
4497112
4497113
4497115
4497116
4497118
4497119
4497121
4497123
4497124
4497125
4497126
4497127
4497131
4497133
4497134
4497135
4497136
4497140
4497141
4497141
4497145
4497146
4497147
4497149
4497150
4497150
4497152
4497153
4497155
4497157
4497158
4497159
4497160
4497161
4497162
4497162
4497164
4497165
4497166
4497167
4497168
4497169
4497171
4497171
4497175
4497176
4497177
4497179
4497181
4497182
4497183
4497184
4497186
4497187
4497189
4497190
4497191
4497192
4497193
4497194
4497196
4497197
4497200
4497203
4497205
4497206
4497207
4497208
4497209
4497210
4497211
4497212
4497213
4497214
4497215
4497215
4497215
4497220
4497221
4497221
4497223
4497224
4497225
4497226
4497227
4497228
4497231
4497232
4497233
4497235
4497236
4497237
4497238
4497239
4497241
4497242
4497243
4497244
4497245
4497246
4497247
4497248
4497249
4497249
4497251
4497251
4497253
4497254
4497255
4497256
4497257
4497258
4497259
4497262
4497264
4497265
4497270
4497271
4497271
4497273
4497273
4497274
4497274
4497274
4497276
4497280
4497282
4497283
4497284
4497285
4497286
4497287
4497288
4497289
4497290
4497291
4497292
4497293
4497294
4497295
4497296
4497297
4497298
4497299
4497300
4497301
4497302
4497303
4497304
4497305
4497306
4497307
4497308
4497309
4497310
4497311
4497312
4497313
4497314
4497315
4497316
4497317
4497318
4497319
4497320
4497321
4497322
4497323
4497324
4497325
4497326
4497327
4497328
4497329
4497331
4497332
4497333
4497334
4497338
4497339
4497340
4497346
4497347
4497349
4497350
4497351
4497352
4497353
4497354
4497355
4497356
4497357
4497358
4497359
4497360
4497361
4497362
4497364
4497365
4497366
4497366
4497367
4497368
4497369
4497370
4497370
4497371
4497372
4497374
4497375
4497377
4497378
4497380
4497381
4497385
4497387
4497388
4497389
4497389
4497392
4497393
4497394
4497395
4497396
4497398
4497399
4497402
4497402
4497403
4497404
4497405
4497409
4497412
4497413
4497414
4497419
4497420
4497425
4497425
4497427
4497428
4497429
4497430
4497430
4497432
4497432
4497434
4497437
4497439
4497440
4497441
4497442
4497443
4497445
4497449
4497450
4497451
4497452
4497453
4497454
4497455
4497456
4497457
4497458
4497459
4497460
4497461
4497462
4497463
4497464
4497465
4497466
4497467
4497467
4497469
4497470
4497471
4497472
4497474
4497475
4497476
4497477
4497478
4497481
4497482
4497483
4497484
4497487
4497488
4497489
4497491
4497492
4497493
4497494
4497495
4497496
4497499
4497500
4497501
4497502
4497503
4497504
4497505
4497505
4497506
4497507
4497508
4497509
4497510
4497511
4497512
4497513
4497515
4497516
4497517
4497518
4497519
4497520
4497521
4497522
4497522
4497524
4497524
4497526
4497529
4497530
4497533
4497534
4497535
4497536
4497537
4497538
4497539
4497540
4497541
4497542
4497543
4497544
4497545
4497546
4497547
4497548
4497549
4497550
4497551
4497552
4497553
4497555
4497557
4497561
4497562
4497563
4497564
4497565
4497567
4497567
4497573
4497574
4497574
4497576
4497577
4497579
4497583
4497584
4497585
4497587
4497588
4497590
4497591
4497592
4497593
4497594
4497595
4497596
4497596
4497598
4497599
4497601
4497602
4497603
4497605
4497606
4497607
4497608
4497609
4497610
4497611
4497612
4497614
4497615
4497617
4497618
4497619
4497620
4497621
4497622
4497623
4497623
4497625
4497625
4497628
4497629
4497630
4497631
4497632
4497632
4497634
4497634
4497636
4497636
4497638
4497639
4497639
4497640
4497641
4497643
4497644
4497645
4497647
4497648
4497649
4497651
4497652
4497653
4497654
4497655
4497657
4497658
4497659
4497659
4497661
4497662
4497663
4497665
4497666
4497669
4497670
4497673
4497675
4497676
4497677
4497678
4497679
4497680
4497681
4497682
4497683
4497684
4497685
4497686
4497687
4497688
4497689
4497690
4497691
4497692
4497694
4497695
4497696
4497697
4497698
4497699
4497700
4497701
4497702
4497703
4497704
4497705
4497706
4497707
4497708
4497709
4497710
4497711
4497712
4497713
4497714
4497715
4497716
4497717
4497718
4497719
4497720
4497721
4497722
4497723
4497724
4497725
4497726
4497727
4497728
4497729
4497730
4497731
4497732
4497733
4497734
4497735
4497735
4497737
4497737
4497739
4497739
4497741
4497741
4497743
4497743
4497745
4497746
4497747
4497749
4497750
4497751
4497752
4497753
4497755
4497756
4497757
4497758
4497759
4497760
4497761
4497762
4497763
4497764
4497766
4497767
4497768
4497769
4497770
4497771
4497773
4497774
4497775
4497776
4497778
4497779
4497780
4497781
4497782
4497783
4497784
4497785
4497786
4497787
4497788
4497789
4497790
4497791
4497792
4497793
4497794
4497795
4497797
4497798
4497799
4497800
4497801
4497802
4497803
4497804
4497805
4497806
4497807
4497808
4497809
4497810
4497811
4497812
4497813
4497814
4497816
4497818
4497820
4497824
4497826
4497827
4497828
4497829
4497830
4497832
4497834
4497835
4497836
4497838
4497839
4497840
4497841
4497842
4497843
4497844
4497845
4497846
4497847
4497848
4497849
4497849
4497855
4497856
4497856
4497858
4497859
4497860
4497862
4497863
4497864
4497865
4497866
4497867
4497867
4497869
4497870
4497871
4497872
4497877
4497878
4497878
4497880
4497881
4497882
4497883
4497886
4497887
4497889
4497892
4497893
4497894
4497899
4497900
4497901
4497902
4497905
4497907
4497908
4497911
4497914
4497915
4497916
4497917
4497918
4497923
4497924
4497926
4497927
4497929
4497930
4497931
4497932
4497933
4497935
4497936
4497937
4497938
4497939
4497940
4497945
4497948
4497949
4497952
4497953
4497955
4497956
4497957
4497958
4497959
4497960
4497961
4497962
4497964
4497965
4497966
4497967
4497968
4497969
4497970
4497971
4497972
4497973
4497974
4497975
4497976
4497977
4497978
4497979
4497980
4497981
4497982
4497983
4497985
4497989
4497990
4497991
4497992
4497993
4497994
4497995
4497997
4497998
4497999
4498000
4498001
4498002
4498003
4498004
4498007
4498008
4498010
4498011
4498012
4498013
4498017
4498018
4498019
4498020
4498020
4498022
4498023
4498024
4498025
4498026
4498027
4498028
4498029
4498029
4498031
4498033
4498034
4498035
4498035
4498037
4498038
4498039
4498043
4498044
4498045
4498045
4498047
4498047
4498050
4498050
4498054
4498057
4498058
4498059
4498060
4498061
4498063
4498064
4498065
4498066
4498067
4498068
4498069
4498070
4498071
4498072
4498073
4498074
4498076
4498077
4498078
4498079
4498080
4498080
4498082
4498083
4498084
4498087
4498088
4498088
4498090
4498091
4498092
4498093
4498095
4498096
4498097
4498098
4498099
4498100
4498101
4498102
4498105
4498107
4498108
4498109
4498110
4498111
4498112
4498114
4498115
4498121
4498123
4498124
4498125
4498128
4498129
4498130
4498130
4498132
4498133
4498134
4498135
4498136
4498138
4498139
4498141
4498143
4498143
4498145
4498146
4498146
4498148
4498148
4498150
4498150
4498152
4498152
4498154
4498155
4498157
4498159
4498160
4498161
4498162
4498163
4498164
4498165
4498166
4498167
4498168
4498170
4498171
4498172
4498173
4498174
4498176
4498177
4498183
4498184
4498185
4498186
4498187
4498188
4498189
4498193
4498196
4498197
4498199
4498200
4498201
4498202
4498203
4498204
4498204
4498205
4498207
4498208
4498209
4498210
4498211
4498212
4498212
4498215
4498216
4498217
4498218
4498219
4498220
4498221
4498222
4498223
4498224
4498226
4498230
4498231
4498232
4498234
4498236
4498237
4498238
4498240
4498242
4498244
4498246
4498248
4498249
4498250
4498251
4498252
4498253
4498254
4498255
4498256
4498258
4498259
4498260
4498261
4498262
4498264
4498264
4498266
4498266
4498268
4498269
4498270
4498271
4498272
4498273
4498275
4498280
4498281
4498284
4498285
4498286
4498287
4498290
4498290
4498291
4498292
4498293
4498294
4498295
4498297
4498298
4498299
4498300
4498302
4498303
4498306
4498307
4498307
4498308
4498309
4498310
4498311
4498312
4498313
4498317
4498318
4498321
4498324
4498326
4498327
4498328
4498329
4498330
4498331
4498333
4498334
4498335
4498336
4498338
4498341
4498343
4498344
4498346
4498346
4498349
4498350
4498351
4498351
4498352
4498354
4498355
4498356
4498357
4498358
4498359
4498360
4498361
4498362
4498363
4498364
4498365
4498366
4498367
4498368
4498369
4498370
4498371
4498372
4498373
4498374
4498375
4498376
4498377
4498378
4498379
4498380
4498381
4498382
4498383
4498384
4498385
4498386
4498388
4498389
4498390
4498391
4498392
4498393
4498397
4498398
4498400
4498401
4498404
4498405
4498406
4498408
4498410
4498411
4498412
4498417
4498418
4498419
4498420
4498420
4498422
4498422
4498424
4498424
4498426
4498426
4498428
4498429
4498430
4498432
4498433
4498434
4498436
4498437
4498438
4498439
4498440
4498442
4498443
4498444
4498446
4498447
4498448
4498449
4498450
4498451
4498452
4498453
4498456
4498457
4498458
4498459
4498461
4498463
4498464
4498465
4498467
4498468
4498471
4498472
4498473
4498474
4498475
4498476
4498480
4498482
4498484
4498486
4498487
4498491
4498492
4498493
4498495
4498496
4498497
4498498
4498499
4498500
4498501
4498502
4498503
4498504
4498505
4498506
4498507
4498509
4498510
4498511
4498512
4498513
4498515
4498516
4498517
4498519
4498520
4498521
4498522
4498523
4498524
4498525
4498526
4498527
4498528
4498529
4498530
4498531
4498532
4498533
4498534
4498535
4498536
4498537
4498538
4498539
4498540
4498541
4498542
4498543
4498544
4498545
4498546
4498547
4498548
4498549
4498550
4498551
4498551
4498553
4498553
4498557
4498557
4498559
4498560
4498560
4498562
4498562
4498564
4498564
4498566
4498566
4498568
4498568
4498570
4498570
4498572
4498572
4498574
4498574
4498576
4498576
4498578
4498578
4498580
4498580
4498583
4498584
4498585
4498586
4498587
4498588
4498591
4498591
4498593
4498595
4498596
4498597
4498599
4498600
4498601
4498602
4498603
4498604
4498605
4498606
4498607
4498608
4498617
4498618
4498621
4498622
4498623
4498628
4498629
4498630
4498631
4498636
4498637
4498638
4498639
4498641
4498644
4498645
4498646
4498646
4498649
4498651
4498652
4498653
4498654
4498655
4498656
4498657
4498659
4498660
4498661
4498662
4498663
4498664
4498664
4498664
4498665
4498666
4498666
4498666
4498667
4498669
4498670
4498671
4498672
4498674
4498675
4498676
4498677
4498678
4498680
4498681
4498682
4498683
4498684
4498685
4498686
4498687
4498688
4498689
4498690
4498690
4498691
4498691
4498691
4498693
4498694
4498695
4498695
4498695
4498696
4498697
4498698
4498698
4498699
4498700
4498701
4498702
4498703
4498704
4498705
4498706
4498707
4498708
4498709
4498710
4498711
4498712
4498713
4498714
4498715
4498716
4498717
4498719
4498720
4498721
4498722
4498723
4498724
4498725
4498726
4498728
4498729
4498730
4498731
4498732
4498733
4498734
4498735
4498736
4498737
4498738
4498739
4498740
4498743
4498744
4498745
4498746
4498747
4498748
4498749
4498750
4498751
4498752
4498753
4498754
4498755
4498756
4498757
4498758
4498759
4498760
4498761
4498762
4498763
4498765
4498767
4498768
4498769
4498773
4498774
4498775
4498776
4498777
4498781
4498782
4498783
4498785
4498786
4498787
4498788
4498789
4498790
4498791
4498793
4498796
4498797
4498798
4498799
4498800
4498801
4498801
4498802
4498803
4498804
4498805
4498807
4498807
4498809
4498809
4498811
4498811
4498813
4498813
4498815
4498815
4498817
4498817
4498819
4498819
4498821
4498821
4498823
4498823
4498825
4498825
4498827
4498827
4498829
4498829
4498831
4498831
4498833
4498833
4498835
4498837
4498838
4498839
4498840
4498842
4498843
4498844
4498845
4498847
4498848
4498849
4498851
4498851
4498852
4498856
4498857
4498859
4498860
4498863
4498864
4498866
4498867
4498868
4498869
4498870
4498871
4498872
4498873
4498874
4498875
4498876
4498877
4498878
4498879
4498880
4498881
4498884
4498886
4498887
4498888
4498889
4498890
4498891
4498892
4498893
4498894
4498895
4498896
4498898
4498899
4498900
4498900
4498902
4498903
4498904
4498905
4498906
4498907
4498908
4498909
4498910
4498911
4498912
4498913
4498914
4498915
4498916
4498917
4498918
4498919
4498920
4498921
4498922
4498923
4498924
4498925
4498926
4498927
4498928
4498929
4498930
4498931
4498932
4498934
4498935
4498936
4498938
4498940
4498941
4498942
4498943
4498944
4498945
4498946
4498948
4498949
4498950
4498959
4498960
4498961
4498962
4498963
4498964
4498965
4498966
4498967
4498968
4498972
4498973
4498974
4498975
4498976
4498977
4498978
4498979
4498980
4498981
4498982
4498983
4498984
4498985
4498987
4498987
4498989
4498990
4498991
4498993
4498994
4498995
4498996
4498998
4498999
4499000
4499001
4499002
4499003
4499004
4499005
4499006
4499007
4499008
4499009
4499010
4499011
4499011
4499012
4499013
4499014
4499015
4499017
4499018
4499019
4499019
4499020
4499021
4499022
4499023
4499023
4499025
4499026
4499027
4499028
4499032
4499034
4499035
4499036
4499037
4499038
4499039
4499041
4499043
4499044
4499045
4499046
4499047
4499048
4499049
4499050
4499051
4499052
4499053
4499054
4499055
4499056
4499057
4499058
4499059
4499060
4499061
4499062
4499064
4499065
4499066
4499067
4499071
4499072
4499073
4499074
4499075
4499077
4499079
4499082
4499083
4499085
4499085
4499087
4499088
4499089
4499090
4499091
4499092
4499093
4499094
4499097
4499097
4499099
4499101
4499102
4499103
4499104
4499105
4499106
4499107
4499108
4499109
4499110
4499111
4499112
4499113
4499114
4499115
4499116
4499117
4499118
4499120
4499123
4499124
4499125
4499129
4499130
4499131
4499132
4499133
4499134
4499135
4499136
4499137
4499138
4499139
4499140
4499141
4499142
4499143
4499145
4499146
4499147
4499148
4499149
4499150
4499151
4499152
4499154
4499156
4499157
4499158
4499159
4499160
4499161
4499162
4499163
4499164
4499165
4499166
4499167
4499168
4499169
4499170
4499171
4499172
4499173
4499174
4499178
4499180
4499181
4499182
4499183
4499184
4499185
4499187
4499187
4499189
4499189
4499193
4499194
4499196
4499196
4499199
4499200
4499201
4499202
4499203
4499204
4499205
4499207
4499208
4499209
4499210
4499211
4499212
4499213
4499214
4499215
4499216
4499217
4499218
4499219
4499220
4499221
4499222
4499223
4499224
4499225
4499226
4499227
4499228
4499229
4499230
4499231
4499232
4499233
4499234
4499235
4499236
4499238
4499242
4499242
4499244
4499244
4499246
4499246
4499251
4499252
4499253
4499254
4499255
4499255
4499256
4499257
4499260
4499260
4499263
4499264
4499265
4499267
4499269
4499270
4499271
4499272
4499273
4499274
4499276
4499278
4499279
4499280
4499281
4499282
4499284
4499285
4499286
4499289
4499290
4499291
4499292
4499293
4499293
4499295
4499296
4499299
4499301
4499302
4499303
4499303
4499305
4499306
4499307
4499308
4499309
4499310
4499311
4499315
4499316
4499317
4499319
4499320
4499322
4499323
4499324
4499325
4499326
4499328
4499329
4499330
4499333
4499336
4499338
4499339
4499340
4499341
4499342
4499342
4499344
4499345
4499346
4499347
4499348
4499349
4499349
4499351
4499351
4499355
4499356
4499357
4499358
4499359
4499360
4499361
4499362
4499363
4499364
4499365
4499366
4499367
4499368
4499369
4499370
4499371
4499373
4499374
4499375
4499376
4499377
4499378
4499379
4499380
4499381
4499382
4499383
4499385
4499386
4499388
4499389
4499389
4499391
4499391
4499393
4499394
4499395
4499396
4499399
4499401
4499402
4499403
4499404
4499409
4499413
4499414
4499415
4499417
4499419
4499421
4499422
4499424
4499427
4499429
4499430
4499431
4499432
4499433
4499434
4499435
4499436
4499437
4499438
4499439
4499440
4499441
4499442
4499443
4499445
4499445
4499448
4499451
4499452
4499453
4499454
4499455
4499455
4499457
4499458
4499458
4499460
4499460
4499462
4499463
4499464
4499465
4499466
4499466
4499468
4499469
4499470
4499471
4499472
4499473
4499474
4499475
4499476
4499477
4499478
4499479
4499480
4499481
4499482
4499483
4499483
4499485
4499486
4499487
4499489
4499490
4499494
4499497
4499499
4499502
4499503
4499504
4499507
4499508
4499509
4499510
4499511
4499512
4499513
4499514
4499515
4499516
4499517
4499518
4499519
4499520
4499521
4499522
4499523
4499524
4499525
4499526
4499527
4499528
4499529
4499530
4499530
4499532
4499533
4499534
4499535
4499536
4499537
4499538
4499539
4499540
4499541
4499542
4499543
4499544
4499545
4499546
4499547
4499548
4499549
4499550
4499551
4499552
4499554
4499554
4499560
4499561
4499562
4499563
4499564
4499565
4499566
4499567
4499568
4499569
4499570
4499571
4499572
4499573
4499574
4499575
4499576
4499577
4499578
4499580
4499581
4499582
4499583
4499584
4499585
4499586
4499590
4499591
4499592
4499593
4499594
4499595
4499596
4499598
4499600
4499601
4499602
4499603
4499604
4499605
4499606
4499607
4499608
4499609
4499610
4499611
4499612
4499615
4499616
4499617
4499618
4499619
4499620
4499621
4499622
4499624
4499625
4499626
4499626
4499627
4499628
4499629
4499629
4499636
4499638
4499639
4499640
4499641
4499642
4499644
4499646
4499647
4499648
4499649
4499651
4499653
4499654
4499655
4499656
4499657
4499658
4499660
4499664
4499665
4499667
4499668
4499669
4499671
4499672
4499674
4499675
4499676
4499677
4499677
4499680
4499682
4499683
4499684
4499685
4499686
4499687
4499688
4499689
4499692
4499693
4499696
4499699
4499701
4499702
4499703
4499704
4499705
4499706
4499707
4499708
4499709
4499711
4499712
4499713
4499714
4499715
4499717
4499719
4499720
4499721
4499722
4499724
4499725
4499727
4499728
4499729
4499730
4499731
4499731
4499732
4499733
4499734
4499735
4499736
4499742
4499742
4499743
4499744
4499745
4499746
4499747
4499748
4499749
4499750
4499751
4499752
4499754
4499755
4499756
4499757
4499758
4499759
4499760
4499762
4499763
4499764
4499765
4499766
4499767
4499768
4499770
4499771
4499780
4499782
4499783
4499784
4499785
4499788
4499789
4499790
4499791
4499795
4499796
4499798
4499799
4499799
4499800
4499803
4499804
4499809
4499812
4499814
4499815
4499816
4499816
4499822
4499823
4499824
4499824
4499826
4499827
4499828
4499829
4499830
4499831
4499832
4499833
4499834
4499835
4499836
4499837
4499838
4499839
4499840
4499841
4499842
4499843
4499844
4499845
4499846
4499847
4499849
4499850
4499851
4499852
4499853
4499854
4499855
4499856
4499860
4499861
4499864
4499865
4499866
4499867
4499868
4499870
4499871
4499872
4499873
4499874
4499875
4499876
4499877
4499878
4499879
4499880
4499881
4499882
4499883
4499884
4499886
4499887
4499888
4499889
4499890
4499894
4499897
4499899
4499901
4499902
4499904
4499906
4499907
4499908
4499909
4499910