159563
1620628
1620629
4001171
4001177
4001189
4028279
118
1073484
1073485
1084688
1136034
1136035
1136036
1168852
1180621
1180622
1180623
1180624
1180625
1180626
1226324
1277417
1287485
13124
13827
13828
1308263
1333787
1333788
1335063
1344180
1344181
1344182
1344183
1361007
1361008
1361009
1361041
1361042
1437047
1455959
146312
146478
146479
1463356
1463357
1463582
1464592
1472134
154620
154621
155402
155892
156030
157602
158095
159138
159311
1615289
1615290
1620633
1720070
18056
18060
1821494
1870683
1872577
1872579
1926734
1927496
1949032
1964074
1967387
20666
2002252
2002508
2010007
2081661
2084472
2117231
2117232
2132842
2132843
215115
216756
217098
2182184
2219551
222960
222961
222962
222963
2227728
2248646
227761
2279333
228362
2304915
2320116
2328199
2377232
2387933
241771
2456338
2462449
2463290
2528984
2528987
253340
2538172
2538716
2539051
2539371
2541384
2577327
2577504
2578608
2578939
2579026
2579028
258779
2680920
2726944
2729755
277695
277698
2781133
2781251
2789101
2789227
2789816
281027
2841914
2842289
2843637
2843664
2844930
2895275
291723
2921223
2922444
295553
296431
2974732
298644
3073482
3099811
3100005
3140359
3185812
3185855
32110
3231091
326374
3275343
3275594
331583
331586
334244
3406393
343532
3450109
3450110
3450111
346322
3475443
3485242
3485243
3485244
3485260
3485261
3485263
3485272
3485275
3485276
3485278
3501988
3501989
3502122
3566162
3566661
3567152
3567176
3659712
368482
3684534
3721935
3798239
3798243
3821238
3821240
3821241
3832637
3832647
3849029
3876741
3876743
3877006
391311
4080665
4106038
4106114
4106877
4127697
4127908
4127915
4152872
4173652
4173710
4174669
4213527
4213572
4213574
4213575
4215351
4215366
4215368
4236211
4236213
4236216
4236219
4236222
4236223
4236224
4236229
4236231
4236233
4236235
4236236
4236238
4236379
4237839
4237903
4237905
4237907
4237909
4237911
4237913
4237915
4262208
427107
427108
427109
4272040
4272041
4273129
4273130
4273131
4273132
4278728
4288291
429834
4299345
4299354
4299368
433616
433617
4436430
4448728
4465938
449982
468445
468446
471511
471512
471513
50617
500595
523533
553006
592001
594822
624744
624745
627552
660009
679608
679609
681338
685096
686475
697641
700161
718203
719033
72411
755409
763169
763170
763172
763173
766727
776659
798848
815971
816050
817757
818047
853369
866626
866630
89291
89292
897676
897773
90459
903158
903159
903160
903161
903162
91707
912631
917220
931129
953883
973545
973546
999259
4511822
4524348
4893865
4666965
4783826
4797980
4814281
4814726
4818703
4819803
4843304
4851841
4851842
4865730
4865738
4865740
4865744
4873470
4910339
4943074
4949514
4955921
2462347
216361
2538817
4129314
4129316
553009
686193
4880251
1308253
1969097
2208157
2460345
528175
666075
1113971
1119119
1123949
1156606
1197890
13059
1366654
1485966
156149
157219
19008
1964075
1964076
2042703
2047173
2047174
2112087
2118470
2150238
2157771
2205460
222552
2243873
2305670
2305676
2319438
2321072
2392429
2462485
2538750
2578029
2579317
2579320
2727718
2782251
2929738
2929739
3049201
3049203
3100126
3185009
3185367
3185894
3230267
338763
3450097
3450099
3475045
3475046
3475047
3600770
3614250
3627945
3627947
3627948
3627949
3683971
3683975
3683977
3683981
374709
3798225
4079154
4173614
4174638
4174640
4237761
4237764
4278769
433618
433619
4341058
485411
504133
584601
592002
739799
820354
83576
836667
89170
92157
960720
4599766
4605290
4714510
4720146
4812685
4837248
4883779
4910344
4910345
4915577
4938105
4947805
4028274
4028275
4028277
4028278
260
267
268
1012885
1043620
1043621
1043622
1043623
1043624
1047322
1075607
1092620
1092621
1096949
1144483
1153647
1153666
1184061
1184062
1192747
1226122
1228996
1228997
1262698
1271322
1271323
1271324
1273825
1281322
1286948
1296377
1296378
1296379
1311049
1313176
1323359
1328043
1329732
1335055
1335056
1348053
1361005
1361006
1361010
1361011
1361012
1361013
1364847
1364849
1367896
1368277
1368278
1368279
1386719
1388253
1411452
1412416
1434502
1440273
1445707
1447678
145422
145476
1455958
146875
1464590
1464591
147550
147689
147690
1480836
1505196
1505198
1521918
1521919
1539134
154232
154233
154637
1547867
1547900
155150
156046
157335
157336
157370
1578756
158446
158447
158667
158673
158674
1581841
1582151
1586411
1593219
1602005
1603831
1606479
1606502
1620601
1624346
1648574
1648575
1648576
1667363
1668751
1668752
1668753
1668757
1668758
1668759
1709076
1737145
1739628
1754993
1776659
1794061
18031
18089
18103
18152
1888841
1888842
19021
19022
19023
19024
1914721
1925856
1955941
1955942
1955943
1956720
1960533
1990398
20667
20754
2002516
2002518
2002519
2002520
2002521
2002530
2002531
2002532
2002536
2012679
2012680
2017799
2017800
2019065
2044907
2046469
2052953
2052954
2056924
2056925
2065353
2070553
2075034
2083290
2087902
2090050
2098135
2103192
2114280
2115042
2117183
2118452
2119763
2119764
2132121
2132869
2143061
2143579
215111
215112
215113
215114
215708
215728
215843
215844
2157237
216914
2162115
2162116
2162117
2162118
2162119
2162677
2180387
2180388
2180390
2190119
2190182
2219865
2232229
2236008
2236010
2236916
2250560
227747
2272669
2279319
2279332
228363
2295538
2297351
2301885
2302501
2313332
2316654
2319440
2320114
2320118
2322180
2328198
2372205
2372498
2373144
2373305
2374788
2375285
2376212
2376970
2378292
2378293
2380023
2380066
2388352
2388382
2388609
2388714
2388940
2388941
2389866
2389987
2392357
244991
2455390
2455846
2456334
2456337
2456535
2456697
2457231
2457244
2457838
2458387
2458389
2458390
2458393
2458394
2459621
2459677
2460887
2460888
2460889
2460890
2460892
2460893
2460895
2460897
2460898
2460899
2462352
2462354
2462359
2462417
2462475
2462632
2462655
2462667
2463358
2463359
2463740
2465305
2465306
2466720
25026
25027
2526334
2526338
2526645
2526646
2526647
2527459
2528983
2529116
2529553
2531020
2531793
2531794
2531795
2531866
2531868
2532128
2537315
2537317
2537318
2537967
2538435
2538820
2539048
2541029
2541223
2541386
2541563
2541564
2541593
2577169
2578456
2578604
2578605
2578606
2578607
2578918
2579064
2579066
2579068
2579071
2579325
2579327
2579530
2670576
2671177
2671178
2671179
2671932
2672505
2680425
270362
270365
2726486
2726748
2726887
2727179
2727625
2729423
2729435
2729446
2729448
2729686
2729752
2780852
2780854
2781303
2781675
2781695
2782002
2789109
2789111
2789113
2789333
2789684
2789727
2789745
2841802
2843627
2844912
2844913
285060
285064
285065
2894603
2894871
2894882
2895061
2895172
2895173
2895508
2895512
2921755
2922446
2929772
2930021
2930254
295397
295552
2975509
298648
30327
3013799
3014546
3014548
3014565
3014566
3015754
3047183
3047596
3047601
3049766
3049768
3049770
3049772
3073207
3074230
3074235
3074318
3074479
3099819
3099820
31498
31499
31500
3100069
3136847
3137646
3139765
3184966
3185446
3185651
322059
3230103
3230384
3230525
3230528
3273763
3273765
3274954
3275105
3275218
3319213
3319214
3319215
3319325
333641
3363313
3364466
340623
3409279
342850
3449684
3450101
3450102
3474683
3474878
3474991
3475192
3485283
3485285
3485288
3485364
3535368
3535372
3535374
3566273
3567164
3594802
3600961