4964230
4964231
4964232
4964233
4964234
4964235
4964236
4964237
4964238
4964239
4964240
4964241
4964242
4964243
4964245
4964246
4964247
4964248
4964249
4964250
4964251
4964252
4964253
4964254
4964255
4964256
4964258
4964260
4964261
4964262
4964263
4964264
4964265
4964266
4964267
4964268
4964269
4964270
4964271
4964273
4964274
4964275
4964276
4964277
4964278
4964279
4964280
4964281
4964282
4964283
4964284
4964285
4964287
4964288
4964290
4964291
4964292
4964293
4964294
4964295
4964296
4964297
4964298
4964299
4964300
4964301
4964302
4964303
4964304
4964305
4964306
4964307
4964308
4964309
4964310
4964311
4964313
4964314
4964315
4964316
4964317
4964318
4964319
4964320
4964321
4964323
4964324
4964325
4964326
4964328
4964329
4964331
4964332
4964333
4964334
4964335
4964336
4964337
4964339
4964340
4964341
4964342
4964343
4964347
4964349
4964350
4964351
4964354
4964356
4964357
4964358
4964359
4964360
4964361
4964363
4964364
4964365
4964366
4964367
4964368
4964369
4964370
4964371
4964372
4964373
4964374
4964376
4964378
4964379
4964380
4964381
4964383
4964384
4964385
4964386
4964388
4964389
4964390
4964391
4964394
4964397
4964398
4964399
4964400
4964402
4964403
4964404
4964406
4964407
4964408
4964409
4964410
4964411
4964413
4964414
4964415
4964416
4964417
4964418
4964419
4964420
4964421
4964422
4964423
4964424
4964425
4964426
4964427
4964428
4964429
4964430
4964431
4964432
4964433
4964434
4964435
4964436
4964437
4964438
4964439
4964440
4964441
4964442
4964443
4964444
4964445
4964446
4964447
4964448
4964450
4964451
4964452
4964453
4964455
4964456
4964457
4964458
4964459
4964460
4964461
4964462
4964463
4964465
4964467
4964469
4964470
4964472
4964473
4964474
4964476
4964477
4964478
4964479
4964480
4964481
4964482
4964483
4964484
4964485
4964487
4964488
4964489
4964490
4964491
4964492
4964493
4964495
4964496
4964498
4964500
4964501
4964503
4964504
4964507
4964508
4964509
4964510
4964511
4964512
4964514
4964515
4964516
4964518
4964519
4964520
4964521
4964523
4964524
4964525
4964526
4964527
4964528
4964529
4964531
4964532
4964533
4964534
4964535
4964536
4964537
4964539
4964541
4964542
4964543
4964547
4964548
4964549
4964550
4964552
4964553
4964554
4964555
4964556
4964557
4964558
4964559
4964560
4964561
4964562
4964563
4964564
4964565
4964566
4964567
4964568
4964569
4964570
4964571
4964572
4964573
4964574
4964575
4964577
4964578
4964579
4964580
4964581
4964582
4964583
4964584
4964585
4964586
4964587
4964588
4964589
4964592
4964593
4964594
4964595
4964596
4964598
4964600
4964601
4964602
4964603
4964604
4964605
4964607
4964608
4964609
4964610
4964611
4964612
4964613
4964614
4964615
4964616
4964617
4964618
4964620
4964621
4964622
4964623
4964624
4964625
4964627
4964628
4964629
4964630
4964631
4964632
4964633
4964634
4964635
4964636
4964637
4964638
4964639
4964641
4964642
4964644
4964646
4964647
4964648
4964649
4964650
4964651
4964652
4964653
4964654
4964655
4964656
4964657
4964658
4964659
4964660
4964661
4964662
4964663
4964664
4964665
4964666
4964667
4964668
4964669
4964671
4964672
4964673
4964674
4964675
4964677
4964678
4964679
4964680
4964681
4964683
4964684
4964686
4964687
4964688
4964689
4964690
4964691
4964693
4964695
4964696
4964697
4964698
4964699
4964700
4964701
4964702
4964704
4964705
4964706
4964707
4964709
4964710
4964711
4964713
4964715
4964716
4964717
4964719
4964720
4964721
4964723
4964726
4964728
4964730
4964731
4964732
4964733
4964734
4964735
4964736
4964737
4964738
4964739
4964740
4964741
4964742
4964743
4964744
4964745
4964747
4964748
4964749
4964750
4964751
4964752
4964753
4964754
4964755
4964756
4964758
4964759
4964761
4964762
4964763
4964764
4964766
4964767
4964768
4964769
4964772
4964774
4964775
4964777
4964778
4964779
4964781
4964782
4964783
4964784
4964787
4964790
4964791
4964793
4964794
4964795
4964796
4964797
4964798
4964799
4964800
4964801
4964803
4964804
4964805
4964806
4964807
4964808
4964810
4964811
4964812
4964813
4964814
4964815
4964816
4964818
4964819
4964821
4964822
4964823
4964824
4964825
4964826
4964827
4964828
4964829
4964830
4964831
4964832
4964833
4964834
4964835
4964837
4964839
4964840
4964841
4964842
4964843
4964845
4964846
4964850
4964851
4964852
4964853
4964854
4964855
4964856
4964857
4964859
4964861
4964862
4964865
4964866
4964867
4964868
4964869
4964870
4964871
4964872
4964873
4964874
4964875
4964876
4964877
4964878
4964879
4964880
4964881
4964883
4964884
4964885
4964886
4964887
4964888
4964889
4964890
4964891
4964892
4964893
4964895
4964896
4964898
4964899
4964901
4964902
4964904
4964905
4964906
4964907
4964910
4964911
4964912
4964913
4964914
4964915
4964916
4964917
4964918
4964919
4964920
4964921
4964922
4964923
4964924
4964925
4964926
4964927
4964928
4964929
4964930
4964931
4964933
4964934
4964935
4964936
4964937
4964938
4964939
4964940
4964941
4964943
4964944
4964945
4964946
4964947
4964948
4964949
4964950
4964951
4964953
4964955
4964956
4964957
4964958
4964959
4964960
4964961
4964962
4964963
4964964
4964965
4964966
4964967
4964968
4964969
4964970
4964971
4964972
4964973
4964974
4964976
4964977
4964978
4964979