1142002
1969096
254411
254412
934755
1040976
1106505
1106506
1106507
1106508
1106509
1106510
1106511
1106512
1114834
1116647
1116648
1116649
1116650
1116651
1116652
1116653
1116654
1116655
1116656
1116657
1116658
1116659
1116660
1116661
1116662
1116663
1116664
1116665
1116666
1116667
1116668
863290
1116670
1116671
1116672
1116673
1116674
863291
1116676
1116677
1116678
1116679
1116680
1116681
1116682
1116683
1116684
1116685
1116686
1116687
1116688
1116689
1116690
1116691
1116692
1116693
1116694
1116695
1116696
1116697
1116698
1116699
1116700
1116701
1116702
1285076
1285077
1285078
1343033
1353096
818460
1369891
1369892
218701
1391258
1391259
1391260
1391261
218705
1391263
1391264
1391265
1391266
1391267
1413841
1515993
1515994
1515995
1515996
1552434
1562238
183870
1886936
2139026
2139027
2139028
2139029
2139030
2139033
2139034
2139035
2139040
2139041
2139042
2139043
218702
218703
218704
218706
218707
2215514
2215515
2215516
2215517
2215519
2215520
2215521
2215522
2215523
2215524
2215525
2215526
2215528
2215529
2215530
2215531
2215532
2215533
2215535
2215536
2215537
2215538
2215539
2215541
2215543
2520830
2520831
761806
380142
863289
863292
863293
863294
4573308
4573309
4573310
4573311
4573312
4573313
4573314
4573315
4573316
4573317
4573318
4573319
4573320
4573321
4573322
4573323
4573324
4573325
4573326
4573327
4573328
4573329
4573330
4573331
4583508
4586130
4600396
4600398
4600435
4604269
4611953
4612293
4622697
4623334
4625469
4626017
4629034
4629093
4629820
4631822
4632960
4642846
4651298
4657707
4665706
4666880
4673186
4762164
4764117
4765379
4824295
4824297
4824305
4824306
4824307
4824308
4824309
4835362
4836063
4839762
4842800
4842804
4842807
4842817
4848054
4850260
4850261
1525969
1271324
1651346
1646454
1321886
1321887
1321888
1969097
666075
1576063
1842475
2002251
2420173
2421129
2809077
2952857
3026964
3058879
3152018
3668842
3724017
3806428
3980679
4064365
4091302
4160335
4223874
4573055
4833918
4932017
2118439
2538168
270358
3238634
4942274
555062
147275
2304912
2391614
3748234
3909769
1005820
1744278
1744279
2210497
2210498
3258874
3391613
3730381
3820697
3832376
4188581
4262283
4567881
4599905
4837239
4939370
3608674
3914395
4222192
4237816
3279767
1076935
1214700
1253779
661879
884747
1392319
1435647
1435648
1435649
1518492
155201
155405
155406
155407
155902
16850
16863
1739629
934424
1739631
18023
18092
1995763
2049753
2056597
310820
2080973
463406
2150502
2205414
2219861
2251342
2300007
2300019
2300020
2304911
2371868
238255
2381317
2462688
2530747
2532629
2533123
389917
2541588
2681480
2729478
2975728
33033
747337
3722004
3722005
3722007
661886
3758275
3807849
3821248
389916
389933
389936
624878
3922196
3945908
3973447
4054022
4127917
4215345
4261966
4261967
4262296
661882
4262302
4262304
4262341
4273139
4359902
4359903
4413194
4432493
4444899
4453861
4453862
449181
463404
463405
463407
523468
533304
624876
624877
661884
661887
661888
747662
890128
890312
912642
93815
634469
83461
934432
1747900
2979537
1670075
1155387
441608
441611
1723178
2343634
2343635
2343636
2343637
2343638
2343639
2343640
2511798
256792
2568092
2569387
2694572
2908640
2954592
3030139
3062139
3062171
3113846
3161606
340279
340280
3422244
3422245
3422246
3422247
3422248
3422249
565142
583363
594131
1075608
155440
155441
155442
157173
2102881
215849
2176265
2176268
2176269
331589
2270286
2304916
2304917
2304918
2313309
2320124
3074238
3758277
3943386
3973780
1770446
1361015
215837
155398
215836
2459578
2538814
2071630
215838
2320113
34992
3613998
2337157
2388351
255680
3758279
3943950
998466
525605
4608980
4660878
1687307
2055122
2150926
2285072
2463211
2463274
2466842
2535963
2537787
588906
2734030
3354
3355
3234027
3276290
3323136
3324541
3324707
3408776
3476406
3505241
3505243
3548986
3551047
3567589
3567590
3567694
3657340
3662073
3675101
3946167
4237812
425978
4375965
4486748
588907
916492
4590451
2002542
2979551
4215439
4293098
4600197
4609825
4670201
91640
1430029
1224436
153932
155418
155903
1816964
216437
2194959
2388350
265334
3627983
3758281
3798245
4261974
4293080
507623
563305
91642
4659468
1020305
505360
474511
1662265
2060018
505359
505357
2331131
2331132
2331133
505358
2331135
2331136
2478348
2489115
2489116
2552011
2557256
2857800
2940946
2940948
2940950
2940952
2940954
4222930
4222931
818067
4843054
1554382
1554383
1554384
1554385
1554386
1696140
1741511
1742102
3758282
3779068
3825952
4369985
4439780
4594054
4594063
4911928
4840425
147554
147688
2456711
346275
887212
146994
1308555
1492030
2263915
238966
2400266
2591225
2848662
2982643
3102598
3189758
3235934
3414403
3414404
3414405
4317438
573514
4814257
2032746
1770262
145429
277771
2789334
2789483
4273148
557396
4843058
2420726
1164958
1164959
1164960
1164961
1164962
1361003
1361004
156328
1361023
1435659
1435660
1435661
1435662
147687
1556163
1561568
270359
18100
1923644
1938612
1938613
93707
215841
215842
227760
2462367
2462368
2538818
2539052
277696
2843063
2979121
3140364
3798248
4359905
670951
670952
4537870
1869151
3758280
1226101
685097
1613730
2531870
490348
2843168
92446
3099800
3798249
755049
490346
490347
755050
776021
912643
159538
159539
16868
1690669
1784044
1784045
1784046
1885473
1885474
1938008
93706
222838
3659503
416075
4328827
155399
406929
155906
18099
2030777
589315
2190151
2219837
2388349
2390847
270522
2781994
2782118
3409656
36009
3721996
3721998
4127898
4257414
554607
820780
4641649
4004156
512870
512875
3190964
3368837
3948204
4111387
4130986
4131142
4321251
882389
512868
512869
512871
512872
512873
512874
512876
512877
512878
4617012
4933375
2538809
2538811
3757776
3899680
1099961
1180637
1361026
18059
2092016
2270289
2532642
2532643
2539053
2671159
2781255
557390
18025
215524
3943733
4106023
4262342
4262343
3945152
490389
4176923
4219028
774459
4004564
101012
2311029
3189952
3726764
3761926
3784959
382081
3949634
3949871
3949873
3977215
4060118
4060119
4060121
4134938
4156209
4199597
594408
4264744
4264745
4637763
3136854
2304913
2319716
3474702
1029517
145430
147549
18022
1777849
478665
1777851
407534
1878006
1878007
1878009
2219860
2320112
2380020
2462687
270534
270535
270536
270537
3402344
3474463
3811382
3909061
441005
4439666
4439667
4439668
732438
4816607
4816621
4816622
2965137
3561803
3575402
380351
741098
73595
1641569
1669840
2263720
73592
3272065
4359557
73593
73594
73596
4671806
4829114
4829141
4829163
4932867
4949780
1045663
1346877
1593314
1721855
1721856
1809057
1809059
1809060
1809061
2108949
4397372
4397373
4397374
4440658
4440659
936667
4440662
917114
927545
3773877
3779186
3922121
4053482
837112
4237809
4237825
4262196
4262263
4262265
884748
890313
4567895
4567896
4567897
4567898
4594517
4615166
4623242
4641316
4642075
4667232
4667621
4669717
4679571
4681405
4730350
4761714
4762724
4814279
4841916
4848197
4850704
4850712
4850713
4850745
4855194
4855442
4932259
4932818
4935412
4936420
4939449
4940023
4940112
4945059
4947880
4963408
1643061
1662017
1662018
2112591
255679
421822
3748232
4273138
4307145
3633178
4047625
2775489
2785401
2879422
2882583
3299348
3466722
3466723
3466725
3466727
3466728
3466729
693547
3512911
3633177
3691441
3691442
155401
331721
331720
1816963
91255
2199849
322057
884745
884746
4837260
4935652
559199
559200
18058
2538815
2578451
2844056
3922119
438162
470705
1239113
1673192
4262322
4262324
4262326
4293079
692805
1149606
1210548
13672
1311440
1311441
1311442
1451588
155403
155404
155427
1655369
18037
18038
1802328
1863443
1887545
2092030
2268018
2270285
2272942
2457555
2457561
2538173
3099844
3363788
4359906
4382243
4470227
475747
589342
614623
4808949
4947291
1132484
1646361
2088303
2337152
2781989
563304
589314
71843
2049754
2143599
35808
3748243
82527
920199
920201
1360095
1360096
298742
298743
3552371
3552372
3552373
3552375
4094945
4106033
4478707
4478708
4478709
920141
920196
203668
3608085
4599503
4639771
4653664
4658684
4826592
4826765
4841068
18057
3365074
4273141
504134
261580
155397
158458
18026
936663
91254
934425
2526640
2526642
2538813
2671146
2729684
277697
3909767
408603
4262312
4443371
89155
583030
1167496
155400
215840
538431
581824
980520
3721995
1008805
2539055
159537
3074229
1090431
1226100
13668
1310401
155415
1474092
1540796
155413
155414
155416
155417
1665794
18028
1960705
2541590
356388
2729687
2789133
665224
3535386
356389
356390
3798244
3832648
3832649
4215353
4262209
4262273
4262275
4262278
4288173
463416
549808
549809
549810
638875
664990
665780
4762916
4796457
4850705
4850706
4862989
4862990
1646452
2922463
290454
1770961
1378286
82302
227759
82303
4307068
448868
497039
82304
153933
155904
3601047
3821242
3821243
686910
1068206
1596841
1938616
2674798
3247092
3247093
3292333
3292334
3373886
3373902
398150
398151
4106884
4215245
4215364
4263256
4311434
4385245
74798
4571560
4571561
4581323
4589770
4593841
4596295
4597340
4602851
4613002
4614868
4640127
4653922
4655274
4658547
4666177
4668767
4677092
4730046
4764820
4803977
4865169
4865170
4933712
4933939
4936359
4937184
4940403
4943345
4950601
147693
523469
435212
1661953
215848
2236069
2601085
2680181
331588
3536917
3656085
407553
624236
912649
92540
980497
1360780
158459
1597874
1597875
1708449
1738945
18024
1818686
1851276
93816
2378422
2577905
34991
35093
4262241
4262243
4273140
4481728
557388
93817
4668200
4934418
133
1063005
1615832
1816965
1816966
1833118
2012677
2143595
2219871
2388865
82524
82525
82522
2789477
2842285
2843126
3047441
3909775
4335870
4474274
4486806
740615
740617
744411
82523
4814280
1149605
13671
2017802
215845
230220
270360
275945
310821
3445937
3628806
4273144
4273145
82394
912645
4581293
4599505
4600196
4613061
4714247
4749744
4947289
156320
227763
2376669
2376880
2456725
2532648
2842059
3832653
1045540
1135347
147691
1135349
1135350
1135351
1135352
147692
18014
18016
18017
18019
18021
18061
18062
215705
2178081
2272951
2844067
2844069
3074236
3758283
416352
4273146
637201
740636
91625
156032
156033
267586
2269144
2269152
83464
2388478
2577614
3684169
3758276
576114
1766502
1429374
1070211
1070212
1163488
1180508
1218466
1429356
1429357
1429358
1429359
1429360
1429361
1429362
1429363
1429364
1429365
1429366
630772
1429368
1429369
1429370
1429371
1429372
1429373
1429375
2117544
2117545
2185545
2968700
3038056
3088915
3487037
428588
740849
4503027
4503028
4503029
4503030
4503031
2929739
3230267
1667473
4001170
1496978
3050047
3409974
3628945
3628949
1964076
1329603
1258371
1350163
716659
3683974
559934
3409970
3409971
3409973
1113971
1119119
83576
1156606
13059
1485966
2042703
2047173
2047174
2112087
2118470
2150238
2205460
2243873
2305670
2305676
2321072
2392429
2579320
2727718
3100126
3185009
3185894
338763
3475045
3475046
3475047
3683981
374709
3798225
4174640
584601
592002
820354
89170
4599766
4605290
4947805
960720
3450099
4278769
4910344
4910345
1197890
433618
433619
504133
739799
92157
35024
35025
19008
2579317
3049201
3049203
3374475
3414838
823976
1286948
4550163
93648
1447678
1955943
2119763
2781675
285060
2894882
2895061
2975509
836157
3628843
949393
1420006
1556470
1668366
1668367
217052
2274284
335122
394227
4194364
454733
542190
545565
557064
638203
664987
766491
4871460
3748230
4521648
4521649
1296377
1296378
1311049
1668758
1668759
1888841
1990398
2781303
2789109
3049766
3073207
3100069
3185446
3628757
3628759
3628761
3628763
4359896
1047322
1144483
1271322
1364847
1364849
468611
1606479
2019065
2671177
2789333
2789727
2895508
2930021
3798174
4080679
4331719
4331720
4458547
535156
690716
1096949
1313176
1335055
1348053
1367896
1440273
1581841
1603831
1620601
1668752
1668753
1737145
1754993
1955942
2895512
2930254
3252689
3274954
3275105
3319325
3474878
3594802
3628730
3628734
3628736
3628738
3691241
4307084
4348729
4400059
4437452
4437453
988219
988220
228363
953881
3628726
3628727
3628728
3628729
260
1012885
1075607
1092621
90917
1226122
1262698
1281322
1296379
1323359
1329732
1368277
1411452
145422
1455958
146875
1539134
154233
155150
157370
1578756
158667
841873
535065
624746
1709076
1776659
18089
18103
18152
19021
19022
19023
19024
1914721
20754
2044907
2046469
2052954
2083290
2090050
25027
664071
2114280
2115042
2118452
2132121
2143061
2143579
215111
215112
215113
215114
215728
2157237
216914
2162118
2162119
2180387
2180388
2190182
2219865
2232229
2236008
2236010
2236916
227747
535155
2297351
2319440
2320118
2328198
2372205
2376970
2378292
2378293
2380023
2380066
2388941
2389866
244991
2459677
2460890
2460892
2460895
2460897
2460898
2460899
2462359
2462667
31499
25026
2526647
2527459
2528983
2531020
2532128
2537317
2537318
2578607
2579064
2579066
2579071
2579327
2671932
270365
2727179
2727625
2729752
2780854
2781695
285064
285065
2921755
2922446
2929772
295397
295552
298648
30327
685377
685394
3047601
3074318
31500
3319214
3319215
333641
342850
3620823
3620825
3620826
373655
409541
425211
4274245
4331652
4339167
4405078
468605
492603
50638
508073
90916
555935
559410
563914
93484
93485
589317
595019
609526
609527
624910
652865
664072
71953
73504
740626
741528
748959
766359
796497
834495
84204
847080
847081
852520
93369
93486
939409
267
268
1368278
1388253
786755
1521918
1521919
1606502
18031
1925856
2012679
2017800
786756
2070553
2162115
2162116
2190119
2320114
2373305
2374788
2458389
786751
2458394
2526338
786759
2541564
2726748
2895172
2895173
3230384
3230525
3273765
786753
3475192
3535368
3758260
3779125
3779127
3779128
3779129
3779131
3798240
3922120
3943948
3945560
4174646
4215355
4261972
786757
4262221
4262223
4262224
4270481
4271015
4273134
786752
507622
509112
533305
576111
786754
786758
83462
837110
852519
880000
93818
4499883
4563448
4563449
4563450
4563451
4563452
4563453
4563454
4563455
4607492
4639231
4665744
4677533
4683532
4722763
4754925
4814861
4817283
4837783
4837795
4837800
4837846
4837857
4837863
4950534
4955888
4957338
4959909
4960508
2376212
2538435
4554320
4028274
4028275
4028277
4028278
2462352
2537967
3014546
3014548
3049770
3049772
31498
3230103
3230528
3363313
3449684
3450101
3450102
3485364
3535372
3535374
3614059
3628765
3721990
3748157
3748158
3748159
3748160
3758253
3758254
3758255
3758256
3758258
3779170
3779171
3798215
3798216
3798217
3821239
3848919
3899678
3900172
3909765
3943715
3945907
3973771
4106105
4151358
4151361
4151363
4194331
4194394
4215322
4215323
4215361
4237902
4261979
4262350
4262351
4262354
4272822
4328995
4329012
4329013
4671108
4812484
4819783
4837263
1636177
2162117
2531795
2578606
2671179
3014566
3185651
3628331
3628333
3185887
3409993
3410220
3535102
3659712
855087
2012680
3758252
429831
718205
719024
747663
838211
3185829
530860
1228997
1328043
145476
924950
158674
1586411
1739628
2002518
91627
2002520
2002521
2087902
2162677
2389987
2526334
2531868
2541563
2578918
2670576
270362
2789684
2843627
3015754
322059
435200
408604
4299320
4332824
4400057
4400058
485810
507621
581155
817740
89482
91628
913815
4910338
922686
4649725
1056841
1133379
1133380
1322228
1322954
1322955
1419241
1447584
1489051
1515012
84206
159876
1608648
1798935
1876554
1923358
1923362
1923649
2047854
2047855
2095557
2095558
2097196
2101531
2101532
2118505
92547
2248549
2248550
2251388
2457265
2726476
2730481
2782414
2843940
3049550
3049553
3049651
3049659
32997
3362856
3444712
3485043
3501599
3501600
3535776
3535778
3537223
3758454
3758455
3758456
3758457
3779358
3779359
3798446
4268486
435211
4452861
4460162
530574
84343
843094
886557
92536
92537
92538
2009480
2200339
2200340
305385
305386
3738612
3738613
3793355
380360
380362
380363
3808149
3808151
3808152
3887955
3887957
3902303
3936663
3938060
3938062
3938064
3938066
3938068
3938070
3966102
4165483
4564190
1228996
2002516
2017799
4237555
4237556
4237559
4257416
4257417
463438
4554316
4554317
4554318
4554319
4584328
4591216
4605943
4623362
4661011
4662433
4672822
4679100
4680424
4684234
4763261
4779067
4813028
4813177
4814277
4814278
4839064
4839067
4840424
4840436
4840451
4840471
4843322
4847213
4847273
4848175
4848218
4848299
4944560
4949465
4957775
3184964
154637
1547867
480093
4662081
1184061
1184062
1361005
1361006
1361010
787853
1361012
147550
157336
158446
158447
1624346
2056925
215708
215843
215844
2322180
2388714
2463740
2531793
2541593
340623
3567164
435201
445802
661909
896717
896724
3784625
3951098
4661367
1667363
2117183
147689
147690
2132869
2578456
2729448
962567
3485283
560957
3721989
3779106
3798235
3798241
3798242
4151347
1445707
1464591
1794061
1960533
2529553
2729686
814366
1276432
147705
154230
1636173
1636174
1816580
1816582
1888839
1888840
1988593
1988594
2106218
2141024
2141026
215526
2179857
2179858
2295296
265336
2680244
2726757
2781997
2781999
2843953
3074234
3364952
337583
337584
337585
368483
71844
589316
4453364
563306
694263
833582
848381
962748
4521652
1043621
1043622
1043623
1043624
4285948
4649726
4765886
1032833
1065122
1912197
1912198
2681128
1806824
111602
111603
111604
111605
111606
111607
111608
111609
2203201
2526786
2823751
3249471
3673810
3926452
3964534
4291296
4374337
4394272
505502
741082
4667240
4667620
4711870
4760476
4760627
4763654
4820266
4854974
3877036
4079222
2376219
2014980
4335983
2388932
50618
1574047
3185885
337012
337013
3655139
3655141
3655142
893444
1933592
749283
609415
3013793
520287
4024159
2501586
4027068
1607957
4052331
1239364
1239365
313900
1303841
1303842
1400648
1400649
1490036
1490037
1920323
2337494
2501578
2501579
313899
2501581
2501582
2501583
2501584
2501585
2501587
2501588
2501589
2511725
2511727
2511730
2712100
2713667
2713671
2713672
2713673
2713674
2713678
2713679
2713680
2713681
2713682
2728649
2728650
2728651
2728652
2837108
2837109
313901
3362429
914665
3789461
3896659
3897161
3940899
3954365
3996370
400199
400200
400201
4076423
4076647
4076648
4076649
4079224
4079226
4079227
4106281
4129399
4149730
4172770
4260278
4376321
448274
473973
676595
676596
825099
825100
825101
888191
4558033
4558034
4558035
4558037
4558038
4558040
4654377
4676133
4833670
4846939
4846954
4924372
4930986
4935571
749290
1465411
16964
18999
1817971
2187519
2250433
2895513
3474820
508074
654803
1008128
1008398
1110080
1111269
1119034
1123437
1193100
1193720
1199082
1271966
1271967
1282139
1308694
1308695
1312172
1312173
1321941
1321945
1321946
1321955
551572
1333094
1345719
1345720
1354084
1375207
1381063
1381064
1381065
1408366
837410
1461564
1465972
1483598
1483599
1487546
1529848
1529849
1531643
1542323
1614368
1614369
932148
1614371
1614372
1614373
1614374
1614375
1614376
1614377
1614378
1614379
1614380
1614381
1614382
1614383
1614384
1614385
1614386
1614387
1614388
1614389
1614390
1614392
1614393
1614394
1614395
1614397
1614398
785354
1614401
1634769
1668598
1668599
1668600
1668601
1668602
1668603
1668604
1668605
1668606
1668607
1668608
1668609
1668610
1668611
1669546
1725592
1736257
1736259
1736261
1736263
1736264
1736265
1736267
1742103
1742560
1786178
1880473
1880478
1880480
1880482
1880484
1880486
1880493
1881654
1894510
193830
193831
1977074
1977075
1977076
1977077
1977078
1977153
1977157
1977158
1977212
1977262
1977312
1977313
1977314
1977315
1977316
1977317
2180017
2364048
258572
2713703
2713705
44459
294526
932147
3037874
3037877
3167807
3167809
3167811
3211682
3303135
3303137
500764
3305766
3340720
3340721
3342523
3342524
3387089
3387092
3387095
3394415
3394416
3404145
3404147
3404272
500759
3438460
3471733
3471734
3471735
3471737
3504142
3585678
3607763
3717504
409287
4316117
4402034
4402035
4402036
4436232
4469161
4469162
4484779
4484780
471080
500760
500761
500762
500763
500765
500766
551571
759350
761961
837408
837409
854722
986463
4493318
4493320
4493321
4493322
4493323
4522306
4522307
4522308
4522310
4814208
4865982
4866606
4866607
4938851
1239584
157203
157204
424576
215303
215304
2389623
254277
254278
2789815
2895168
3185854
3474819
3655150
3655151
3655154
4303313
4453299
510282
540377
540378
540379
656175
669495
72599
780355
1008796
2459922
2681111
4273558
576121
637910
402575
749285
749286
4001164
4001169
609414
156325
4001166
4001168
4052904
1067857
21648
1090124
1090125
1092623
1126376
1126377
1136017
1247080
387620
1247083
1247084
1247085
1287490
1287491
36785
1289376
1433502
1433503
145292
145407
145408
146313
147435
298936
155890
155894
1566981
158444
1581805
159019
159312
159313
159314
1702437
1705571
844822
1738604
1749067
1749068
1821495
1930539
2014981
2052363
2097045
2103190
2123976
2125840
2125841
216834
337014
2193578
2216844
2260344
2266133
2266134
2308437
2380619
2391410
252364
2527965
844826
2539379
92419
2578739
2578740
2578741
261152
2672207
2726870
275159
2842521
2930276
2930277
2930279
2930280
2930282
299651
3017066
302628
3049515
3049516
3099794
3140399
3185830
3185843
3229383
3230569
348639
3273059
3275597
3319182
3319746
3319747
3363996
3364265
3364266
3364311
337011
337015
3406341
344748
344749
3474689
3475020
3534718
3566165
3655158
3659510
3659540
3659541
3659543
3659548
3659550
3659552
3659554
3659555
3659557
3659558
3659561
3659960
3683960
3684191
3711593
3711594
3721961
3748010
3798220
3860432
3876823
3876826
3900240
3945900
3974355
3974356
4053061
4054237
408607
4080669
409798
4105845
4106052
4106883
4106898
4106902
4127770
4127772
4129422
4151352
4173624
4174626
4194367
4194368
4194369
4194370
4194371
4194372
4194373
4194375
4194377
844823
4237756
4261906
4274057
4288305
697683
4303315
4307144
4311398
433620
4331070
4332029
4373597
4373598
4383202
4453272
46972
508121
637911
697642
742533
744024
749278
749279
749280
749281
795567
795568
82140
82141
827515
827516
84203
844825
844829
865212
865229
865234
882640
897678
897679
902722
915909
933855
936807
963742
999418
4569770
4569771
4569772
4569773
4569774
4569775
4569776
4569777
4569778
4569779
4581096
4585795
4590520
4590767
4594426
4597610
4605168
4614414
4622782
4624189
4626528
4634093
4636919
4657455
4681973
4722782
4760663
4847265
4848193
4849853
4904827
4929834
4940235
4941884
4942181
4950051
4959960
1119434
1019552
400278
1136012
1136013
1136014
1136015
1136016
1546840
1546841
1546843
1546846
1655235
400279
261149
2873254
3319326
3402208
3425293
3474697
890126
3549495
3549496
3549497
3549498
3549499
3549500
400280
400282
400283
400284
400285
402579
4228827
4231766
460030
460031
50607
589343
890125
4564935
4830440
1002622
1376241
2458187
486559
3185813
4365404
486557
73014
749277
3860153
4558044
1135608
1289371
146472
1539243
510283
2465343
257357
2672054
296809
3185819
4173645
4288238
4331067
4331068
4331069
486560
50604
4562170
4864108
4864796
880513
4929373
19009
622829
89659
609382
4331998
33019
2227653
2227654
1902621
1902622
1902623
1902624
1902625
1902626
1902627
4000878
4052894
146480
227107
3600769
3832538
3909644
4173643
4173644
4174632
4174634
4194355
4215257
4215437
4288239
4338349
666073
158445
2272625
2389639
366538
486562
50608
1287489
1695305
1806827
3974354
71824
912436
3683958
4215264
844821
422203
785585
16855
1628023
422199
368409
50605
2098136
4836566
4836571
4838459
4114928
4562552
4639266
4652057
4673677
4760485
4762880
4866780
4866785
4866789
4866792
3715506
4026534
4049112
4050802
4050806
4051231
4051233
1614364
4052346
1066713
1614363
1614365
1614366
1614367
2708175
3440103
350713
3553125
3553126
3789498
3789772
3790834
3829632
3829634
3881519
3881520
3885438
3895858
3895859
3895860
3895862
3895863
3895864
3895865
3895866
3895867
3906187
3906188
3906189
3906190
3913325
3920214
3920489
3920490
3920491
3920492
3930732
3931496
3931498
3931500
3942611
3996236
4075141
4076355
4076456
4076458
4076459
4076461
4076463
4076465
4076467
4102353
4102399
4102400
4103627
4104740
4104742
4105250
4105252
4105413
4106179
4125196
4127033
4127036
4127038
4127920
4127923
4127925
4127926
4127928
4147803
4149033
4149034
4149035
4149036
4149037
4149039
4149040
4149041
4149043
500756
4149046
4149047
4149048
4149051
4149052
4149096
4149648
4149650
4149651
4149652
4149846
4149848
4149849
4149850
4149854
4149855
4149857
4149859
4149862
4149863
4149865
4149867
4149869
4149871
4149873
4149874
4149875
4149877
4149879
4149882
4149884
4149886
4149888
4149890
4149892
4150023
551570
4191689
4191691
4191693
4191695
4191697
4191699
4191701
4192739
4214623
4214672
4256108
4256109
4256111
4256113
4261387
4322730
500754
500755
500757
500758
4562162
4562163
4562164
4562165
4562167
4562168
4785064
4847992
4848430
1066062
1746477
1746478
1257202
1257203
1533875
2387851
33020
1925438
1281334
155912
448135
227768
2071416
2225080
2225082
2530010
3659539
381059
1066061
1084589
1084590
216717
1205628
1205629
1275606
158088
1617043
1741494
1846522
749287
2047571
216125
216910
91892
2250359
2319437
2392870
2392871
2671643
2974597
3185811
3475044
749288
3656095
3922099
3973639
402576
402577
402578
4054238
4054241
4080570
4173612
4194486
4215346
4215347
4215348
4215349
4273560
4273562
4288236
4288237
4456787
50602
73013
733918
733919
797209
882996
4553033
4836649
4837240
4837245
4837247
21569
2102347
215102
770385
345450
89071
720119
4026522
701375
1296380
1403893
147409
154606
1754997
19000
2726880
2929361
376779
38284
3832539
3909662
3973881
3974357
4257419
51480
486794
555934
570327
7243
701376
701377
740627
770382
770383
770384
867648
921000
1009008
1009009
1014430
1020029
1084847
227109
1122765
1213406
1217650
18063
1300103
1432126
227108
72999
146772
154607
155198
155605
1690314
19018
227113
2117230
222959
2231888
36786
227110
227111
227112
2272624
2314892
2319439
2462787
2527970
2531699
2538434
2539380
2780847
2841910
32985
3273061
343155
345452
3474821
402580
407456
4299312
4400364
4405077
448136
634904
749282
785584
89426
90700
93650
1001014
1001015
1001016
1001017
1001018
2462436
609413
515197
1859763
50601
1168851
83597
83596
345451
381060
12086
2032518
2071941
2401114
686591
2899520
305077
3276561
4085500
4219456
73429
927597
927598
927599
927600
927601
4598342
4636387
4666189
4668066
4934563
4940867
4941740
19007
651304
4000767
1956755
471534
2388406
2391042
2581134
2730727
3050006
3271511
3449450
3536596
3595318
3684904
3758286
3798199
870232
73616
4303347
471535
648076
1336922
2316653
654234
749289
3013801
3016052
333366
33021
3721962
4019164
4019166
457752
185682
820077
1882547
34451
841657
2176521
819797
2457144
2604516
2604518
2658147
2964600
2969200
2969202
3037337
3217322
3267983
3297167
3340974
964456
3493285
3505137
3633091
3994175
41778
4146640
4230574
4230575
4265360
4370038
46471
753228
819796
4956826
1407363
1407364
1407365
1407366
1407367
1407368
1407369
1407370
1407371
1407372
1407373
1407374
1407375
1407376
1407377
1407378
1407379
1407380
1407381
1407382
1407383
1407384
1407385
1407386
1407387
1407388
1407389
1407390
1407391
1407392
1407393
1407394
1407395
1407396
1407397
1407398
1407399
1407400
1407401
1407402
1407403
1407404
1407405
1407406
1407407
1407408
1407409
1407410
1407411
1407412
1407413
1407414
1407415
1407416
1407417
1407418
1407419
1407420
1407421
1407422
1407423
1407424
1407425
1407426
1407427
1407428
1407429
1407430
1407431
1407432
1407433
1407434
1407435
1407436
1407437
1407438
1407439
1407440
1407441
1407442
1407443
1407444
1407445
1407446
1407447
1407448
1407449
1407450
1407451
1407452
1407453
1407454
1407455
1407456
1407457
1407458
1407459
1407460
1407461
1407462
1514687
1721157
1785195
189508
1946183
215302
2587909
3096908
319865
3431349
3798221
4237752
4474581
72598
4580773
4616068
4619604
4661633
4818999
4850010
4858906
4861862
4940458
4943353
1614540
2969504
3973222
4242429
811374
811375
4572339
4572340
4572341
4572342
4572343
4572344
4572345
4572346
4572347
4572348
4572349
4585342
4813330
4850296
4935552
4945159
4007500
4200772
4106876
4158335
1830259
3435313
4333195
155148
379262
156045
1415095
1415096
1415097
1415098
147820
2085769
2727996
531777
454756
531776
890447
4564092
4954034
4262345
4584271
4632985
4862967
216361
2538817
686193
553009
3185769
4317001
1343212
50639
874080
1056601
1061801
1070599
253339
227744
19013
19010
19011
19012
239586
2103189
2117182
2373256
252334
2579311
2579312
2579321
2782867
2782869
2782870
2894581
2894582
2894865
2930267
297051
3014545
3047109
3136775
3140352
3405938
374214
3628764
374213
3779133
4054240
4054244
407455
409772
4194431
4194433
4237775
4262229
554713
570328
570329
590866
609083
609084
686198
740628
89171
91334
942372
999260
4682247
4799787
4843291
4932684
4938751
4948499
4955459
3319032
3536474
3681812
4307077
1073487
3185877
2208155
4001176
4001178
1225852
1225853
1225854
1261700
1261701
138433
138434
1419924
1472689
1515214
1542702
1590552
1723493
1857975
1896093
1896094
1896095
1896096
1896097
1896098
1896099
1931065
2184896
2184897
2278899
2278900
2278902
2278903
2326035
2435284
262423
262424
267863
267864
2824807
2919190
3005579
3005581
3005641
3119682
3180554
3217495
3430328
3516084
900254
3562821
3562824
3566129
3566130
3593362
365932
365933
365934
365935
365936
365937
365938
365939
365940
365941
365942
365943
365944
365945
366886
366887
366888
366889
3684323
3690766
3715515
3715516
3733799
3741286
3844875
3893866
4211683
4231044
4231045
551808
551809
551810
900246
900247
900248
900249
900250
900251
900252
900253
900255
900256
900257
900258
900259
900260
900261
900263
4519108
4920656
2208156
4443546
748820
748822
159563
1072682
1008791
71849
155972
1205624
1838107
2088331
227762
215369
2264441
2541388
3074480
3318402
389911
541626
4670632
399770
2088330
4843143
4843247
1000490
1001009
1001010
1001011
1001012
1016646
1016647
1019504
1019505
1019506
1019507
1019508
1019509
1073489
1074153
1213404
1226555
1226556
1226557
1234556
1247087
1247088
1255212
1286949
1286950
1287486
153903
1289378
13837
1365451
949555
236436
1412418
1420819
1420820
1468555
1468556
1493709
153902
154980
156028
156047
157099
157217
157226
936795
1619762
276016
461160
1661960
1837270
1840311
1840312
1848897
1850677
1869023
21570
19003
19004
19005
19006
1908554
1930528
1930531
523007
2081288
2098880
21568
499935
2141748
215117
2175733
2176253
223149
245900
2250362
2251334
276015
2300618
298645
236439
2372400
2392427
2464410
2465340
2465341
2465342
251574
2529352
2530531
257348
2577879
2577880
2600005
2600021
2672236
2681847
2727176
2727708
276012
276013
276014
276017
276018
2781376
2781379
2782863
2789105
2789106
2789107
609523
2841230
2842312
2894592
2895510
2922915
2930263
2974581
3014418
304943
3074087
3074273
3074333
3074334
3099327
3099779
3099814
3100121
3100123
949552
3184972
3185109
3185815
3185816
3185891
3185892
3185912
321051
321052
321053
321056
3229896
33018
331085
3319841
340576
35026
3535812
3535814
3535816
3566688
357274
3594804
3600881
3627935
3627938
3627939
3628746
3628747
3628750
368408
424577
424578
4273091
4307049
433160
433621
4339883
4359897
4384599
473243
4443550
4474631
696147
450382
465741
468447
477397
499933
535061
553007
553008
582649
590867
590868
596958
71955
719034
73557
764351
769545
815972
820353
820355
820356
84328
847078
848911
857418
866627
91333
936793
949550
949551
949553
949554
970889
4494925
4494926
4838494
4558849
4837251
4837258
4855511
4855515
4855516
4870410
4902815
4902816
4902817
4935094
4935394
4941368
4944108
4950457
1254010
223148
3364046
3364673
4262236
582136
608935
4000352
4000353
4000680
4026428
106
107
430595
1000155
1000156
1012625
1028627
1047007
1048585
1052473
1114929
1119120
1119121
1126368
1126369
1126370
1140755
1148217
1177472
1192746
1221328
1221329
1221330
1224428
1281325
1286951
1292806
1292999
540052
1299216
1299217
13849
1326014
1329802
1344170
1354111
1365182
1366655
540049
15811
157206
145649
146475
146476
146477
146482
146483
146484
1463353
1485150
1486346
1491752
1493711
155175
155176
155177
155178
155179
155180
155181
155182
155386
155387
155388
155389
155467
1564817
157205
90682
1603835
1615659
1615660
1615661
1636830
1636831
473244
1636833
1636834
1636835
740637
1676625
1676626
1676627
216128
718036
1676630
1676631
1676634
1714813
511512
1749132
1750031
368410
1796660
1815967
374711
1815969
1817316
1830665
1838619
32988
415451
1874138
1879969
1888761
19016
19017
19158
19159
1927497
1927499
1927500
1980142
1980143
1980144
1980145
547436
1980147
1983982
2011813
464118
2047176
2060129
2083284
2083285
2085060
2110877
2117334
2132881
215109
215322
2157236
2179882
2179883
2179884
2179885
2179886
2179889
2194455
2198930
2222677
2222679
223150
2231096
2231098
2251390
2251966
2285530
2387858
2459927
2459928
2462786
2463357
2526393
2529355
2537985
2577533
2578755
2578834
2580460
2600193
2680597
2680599
2725659
2725663
2725665
771538
2726884
2726947
2730435
2730436
2781382
2782872
2789413
2789875
281709
2842487
2843973
2843993
2895274
2895944
2922988
2929747
3014588
3014590
303674
3049840
3074462
3099781
3100046
3100047
3100050
3100051
3139772
3140837
3140838
3185358
3185580
3185834
321070
3230039
89293
3230613
365817
334319
334320
336570
336580
3364050
3364052
337004
338765
338766
3405685
3405687
344750
3445762
3450103
3450106
3450248
3450249
3450251
3474714
3474860
3474890
3475277
3475278
3501899
3535071
3566605
3566607
3595284
36816
3614253
3627953
3627955
3627956
3627959
3627961
590869
3627966
3627967
3627968
3627969
3627970
3627971
3628768
3628769
798588
3683966
3683967
3683969
3683970
3711256
3711257
3711261
3711262
3711265
3711266
3711267
3711269
3711273
3711275
3711290
3711292
3711299
3711300
3711301
3711305
3711306
3711308
3711674
3721696
3721697
3721707
816935
3721709
3721963
3721965
374215
374710
3779153
3779156
3798222
3798223
3801124
3900247
3909605
3922084
3974184
402582
408263
624908
4106913
4151376
4151378
4151379
4173633
645587
4213577
4215325
4237771
4237773
427602
427719
4273174
492611
4307055
4307056
4307057
4311291
4325074
4326653
433622
433623
4345492
4345493
4352488
4359899
511513
4360036
4363523
4409934
4427311
4457218
4486044
461161
476139
477405
483194
507984
511511
83090
523006
540050
544767
544768
547435
563293
570199
575381
577921
584602
584603
611426
614992
645586
645588
647923
673181
680723
681026
681027
681028
704417
71952
720201
731079
737780
737782
737783
737784
737785
793664
795712
824654
83091
847082
853661
868721
868722
868724
885478
89480
91335
930896
930897
930898
964995
985688
4489592
4589563
4665410
4670595
4673336
4680086
4811986
4812695
4856733
4932698
4933417
4941096
4943792
4947775
4947881
4959353
4959567
4960469
4962881
2466027
1485967
1485968
815974
815975
2538417
2538419
2539004
2539442
2539629
2539630
2541444
3711280
3721968
3721969
3747933
3757999
3758235
3779009
3779157
3798224
3832633
3943936
4237774
3894846
1144484
146776
1667367
1889773
1930532
2059906
216545
323775
2466099
2894786
294631
3536675
3804894
4382293
4382294
4414601
4054243
4129407
4174643
4174654
1903587
73060
145425
1258368
1848899
145472
582135
91357
2670436
2682008
2727701
2895199
3099998
321050
407454
4194485
4194521
704135
758168
848910
93380
4546016
4871710
1287484
3974349
3974358
2251392
3601501
3061427
1676988
2789814
2895201
2930271
338760
368479
368480
537988
3943938
4000786
4000839
4000840
4000868
4000895
4000896
1468557
2017801
3900243
3943939
3973426
4151371
4151372
4151373
4151375
4173619
4173621
4173622
4173647
4173695
4194492
4194512
4194514
4194519
4194520
4855261
4855272
695122
4106881
4106915
1137814
1190686
154231
16042
18083
18988
1934028
2081879
2083263
215678
2132844
2176259
2462448
2537333
2601104
3136437
339180
3684101
4174663
4261987
4261988
4261989
4261991
4261997
4262000
91630
4564577
4564578
4564579
4586277
4608252
4608854
4627754
4633804
4679374
4680836
4700543
4749459
4761522
4798287
4820142
4850711
1066457
1158538
1191138
686909
73659
1838108
2141019
2270372
2577912
2680428
2729432
2730123
2730126
576112
1579254
2139973
4666691
4841054
1111623
1268035
1417780
1491167
1491168
265342
1491170
490303
93708
1491174
696184
155905
156031
1579815
1687491
18035
1838109
1900730
1903469
1949318
1968024
1968025
2047841
2047843
2056596
2102882
2106219
2141028
2141031
215846
2177575
2249459
2270373
2270374
228365
2392783
2462693
2659365
2729682
277703
331059
35094
3823497
498607
503207
525589
553125
576113
582521
718207
72513
74188
820781
831749
934428
934430
934431
959445
982254
4596632
4650985
4237831
3363944
3748242
3758267
3758268
3798243
4237571
3721994
2263722
3913840
4088433
4659099
4854848
3979096
3979097
2017797
2047840
2087998
2174673
2196374
2196375
2250392
2265971
2297682
2539050
2540104
2789131
2843163
2843556
3474678
3628723
3721993
3758262
3758263
3758264
3922194
3922195
4237828
4237830
3230246
4299355
3935292
3935294
3274854
4069357
4070917
4070919
4070921
4070923
4070924
4332336
4576018
4834181
4865727
471518
1073485
1964074
1171134
1181764
1181765
1181766
1272579
1342428
2789722
2841811
2843628
2895158
2975400
3136698
3140791
3474676
4360075
4808947
4808948
4812461
4812463
4812466
4812470
4812472
4854968
1588009
3274227
3848932
3848933
3860433
3922193
4194403
4194407
4194504
4194506
4194508
4331376
4635516
4679462
2297350
566632
2325327
25025
2780829
4931837
1010227
1028769
1066058
674353
89483
499507
1153665
1170203
547490
1308753
1346193
1355301
1355303
1411457
1506604
157214
18029
18030
18139
2087999
2128220
2132868
215528
2228233
2263721
2456702
2526644
2537443
266309
528185
2921687
2921690
2929383
685396
3047478
305559
3140378
3230358
90643
3798233
409537
4288272
439479
449182
594982
674355
674356
684855
686740
823591
83470
855093
90642
91629
4836677
4872835
437632
1289375
1739647
2014676
2176832
2176833
2179860
2681849
4173700
4273093
93645
93646
331586
429834
33002
1330351
1760388
18097
2087997
227751
2600635
2672073
528184
2844035
304979
304980
304981
304982
3230352
3758247
554606
665026
1588015
4814934
4814950
4814958
4855269
1571551
1848898
4564739
4564740
4817497
1323358
145406
1454234
542219
2119829
215100
215101
2283042
2283043
2283044
2283131
542220
245883
2457849
301849
3485301
3501657
3973585
4127906
684836
778196
89280
89282
988087
999352
1588477
1588934
1437047
1870683
718203
296431
763169
3848791
4339879
4339881
4339882
2241934
4339888
4339889
4339891
668242
2157235
2201821
253338
2273257
999357
999358
227748
1374315
1680938
740629
3074271
4028272
156899
215118
1008809
1008810
1046348
1152115
1158386
1250803
1287487
1341584
1403894
1434272
1434274
1434275
1441997
146473
146474
158091
1587056
1587057
1651342
1669507
1704663
524835
1742997
18126
1816583
1833997
19156
1938618
1940619
1999427
1999428
2004809
2092248
2157233
2179270
2194546
2194547
222898
2268738
23377
232155
2373954
2392166
2540352
2600508
2600757
2600763
50606
277702
2780788
2780789
2782066
2789741
2789817
2842318
2843007
2895211
2930728
296430
3014076
310691
310692
3185655
3272896
3319842
3319843
340230
3445260
3501661
3501663
452519
356886
356887
356888
356889
356890
356892
356894
356895
3628755
3655718
3656094
3757852
988216
402584
402585
402586
402587
402588
402589
402590
41046
418621
469814
4215261
4307050
4372250
4400996
4400997
4418864
4443551
4453352
4486042
4487657
461195
508351
544094
545788
565448
637173
654804
681031
681032
727330
755418
970943
988213
988215
4817499
4873480
4949000
823715
1073488
823718
2528324
358045
83465
216756
1361007
18060
2132842
685096
2219551
449982
2304915
2377232
2462449
343532
3821240
3849029
4106038
4818703
4843304
516678
1333788
2389864
4000355
1052531
1338214
1420855
1421342
1431986
1449479
1487575
420361
1733359
1733360
1748105
1780955
1790901
1790902
1790903
1790904
1790905
1790906
1790907
1927862
1927863
1973305
1985087
1988134
2017809
2527775
2527776
2590903
2960912
3095241
3095242
3721729
3990854
4080677
4121403
4122840
4173704
4173707
4194527
4194529
4194531
4213583
4213584
4215436
4231831
4231833
4250050
4252641
4257415
4414198
4468001
4468002
493596
493598
4600449
1120437
1128613
1128614
1128615
1195794
220627
1253752
129918
129919
50050
1298070
1304210
1352945
1352946
1352947
1352948
1352949
1352950
1352951
1352952
1352953
1352954
1352955
1352956
1352957
1352958
1352959
1352960
140450
140451
140452
140453
140454
140455
140456
140457
140458
140459
140460
140461
140462
140463
140464
140465
140466
140467
221046
1446645
1446646
1446647
1468313
1468314
1488603
1517104
221086
653097
653098
221134
1545982
1579156
1579158
1579159
1579160
1579161
1579162
1579164
1579168
1579169
1579170
1579171
1579172
1579173
1579176
1579178
1579181
1579182
1579183
1579185
1579187
1579191
1579193
1579194
1579197
1579199
1579203
1579205
1579206
1579209
1579210
1579212
1579213
1579216
1579217
1579218
1579219
1579220
1579221
1579222
1579223
1579224
1579225
1579226
1579227
1579228
1579229
1579230
1579231
1579232
1579233
1579234
1579235
1579236
1700554
221099
1788398
221123
1973471
792905
719054
1986541
475024
213614
221130
2140895
221084
2204839
221036
221038
221039
221040
221041
221042
221043
221044
221045
221047
221048
221049
221050
221051
221052
221053
221054
221055
221056
221057
221058
221059
221060
221061
221062
221063
221064
221065
221066
221067
221068
221069
221070
221071
221072
221073
221074
221076
221077
221078
221079
221080
221081
221083
221085
221087
221088
221089
221090
221091
221092
221093
221094
221095
221096
221097
221098
221100
221101
221102
221103
221120
221121
221122
221124
221125
221126
221127
221128
221129
221131
221132
221133
2286021
579879
2337130
2364744
2364758
2373024
2378360
2437745
2437746
2453792
2453793
2647306
2662819
267951
2707123
846960
2707173
2707179
2717158
2720887
2720888
2761277
2783512
2783525
2832512
2968110
2968111
2968112
2968113
2968114
2970481
3000208
3003154
3003156
3003158
3003160
3003162
3003164
3003166
3003168
3003170
3003171
3003173
3003174
3003175
3003177
3003179
3003181
3003183
3003185
3003187
3006652
3006655
3013452
3013719
3013868
3070367
3070369
3070370
3070372
3070373
3070375
3070376
3070377
3070379
3070381
3070382
3132004
423421
3132012
3167289
3225167
3254003
3311468
3318825
3318826
3362196
3362198
3385802
3385807
3386456
3400345
3400347
909216
3498626
3498628
3514195
3532606
370154
3533308
3535126
3535299
3584134
3589139
3589141
3589143
3589146
3589148
3589149
3589150
3589157
3589158
3627400
3681826
3703152
3716382
3716383
3741850
3741852
3787767
3805271
3805273
572449
3880883
3955819
3955821
3955822
3955824
3955827
3986413
4074049
4074051
4074057
4170103
423410
423416
423417
423418
423419
423420
423422
423424
423425
423426
423427
423428
423429
423430
423431
423432
423433
423434
423435
423436
423437
4285482
4285488
4285489
4290524
4304945
600884
4396351
440206
4402793
4425384
450076
450729
461185
566718
572447
572448
572450
579692
579876
579877
579878
579880
579881
579882
579883
579884
583152
583153
583154
583155
601963
648996
653095
653096
697986
697987
697988
697989
700639
719052
719053
719055
719056
765353
767038
774965
774966
774968
792904
792906
792907
792908
814545
820289
820290
820291
846957
846958
846959
4489983
4490297
4527864
4527867
4527869
4527871
4527874
4527876
4527878
4624412
4922149
4922316
4922317
4922318
4922319
4922320
719033
3450110
3450111
815971
853369
1066060
2922284
3139761
4285947
634468
4493792
1648466
1648467
2119759
4299318
4034562
2204204
735843
4123860
1588017
155895
1239585
1239586
1329731
15005
155896
155897
156892
157223
157224
1820253
1848904
1874134
19019
19020
1957392
1997121
2034202
2117184
2127346
2185741
2185742
2185743
2210397
2210398
33000
2231099
2231101
2231103
2231104
2250366
2457368
2728605
2894602
2895504
291722
2930268
3014591
3014593
3185897
3185898
32999
3500692
3721982
3725248
3782165
3821236
4080672
4151355
4152893
4194525
4237900
424846
540812
4293106
483195
511927
520306
609525
73000
734778
739791
740632
791455
819621
953968
4818346
4836591
4837238
4837244
4837246
4837252
4837256
4837257
4837259
4837261
4837262
4837264
4837265
4839592
4839636
4851963
4855262
4855268
4855273
4899011
4933024
4938753
4939760
4940506
3534683
4079177
4173713
1964078
1964079
4551090
1114553
847077
1114557
1506323
1547899
1733545
2179421
2251333
2680923
2929773
622830
2930261
3016054
3140071
318286
3778932
4316985
4327800
155205
3074284
3406357
3620770
4457437
4910786
2462559
2922896
3185973
3229900
3275169
516679
516680
516681
3974362
4000843
4000871
4000873
4000889
4001108
3655891
4001180
4001181
4027960
1047263
1048589
1057004
1306519
1393650
1393651
343529
1409450
1415099
145359
145529
146849
1493707
1496342
1496343
15975
155898
1559406
1559407
159874
1630575
1630576
1687592
1719586
19160
1927502
2002543
2017804
2017805
2017806
2017807
2017808
2024344
2083264
2083282
216896
2285769
2285770
244989
2457462
476165
2781732
2843033
3184967
323790
3230042
3274700
3449874
3535165
3549509
3601427
3659667
3721973
3721974
3721976
3758237
3758238
3779019
3779145
3779147
3798226
3798227
3798230
3832634
3832635
3849015
3849016
3877062
3877063
3899857
3900252
3922085
3945409
3945643
3973882
3973883
4054245
4079208
4106077
4106087
4106091
4106092
4106094
4106887
4106905
4106907
4152874
4152875
4173638
4173639
4173686
4173701
4173702
4174667
4174671
4194398
4194435
4194437
4194498
4194502
4194524
4215433
4236244
4236246
4236248
4236389
4236391
4237457
4237459
4237460
4237461
4237462
4237463
4237465
4237468
4237469
4237587
4237671
4237675
4237859
4237861
4237863
4237865
4237867
4237868
4237870
4237872
4237874
4237875
4237876
4237878
4237880
4237882
4237884
4237886
4237887
4237888
4237890
4257280
4257282
4261933
4262002
4262202
4262227
4262280
4262359
4270484
4272038
4273152
4274243
4285979
4327631
4327722
4329014
4329015
4329016
4335849
4341137
4401698
4403361
449188
48170
545789
630762
737467
757701
762160
815966
83685
83754
4576240
4576241
4576243
4576244
4576245
4580320
4582713
4585340
4585796
4589722
4590565
4592469
4592873
4593651
4595119
4598891
4599536
4599762
4599957
4600538
4604033
4605299
4608881
4608990
4612835
4616639
4617629
4617765
4618762
4619070
4620121
4621248
4621806
4622751
4623170
4624118
4625101
4625835
4626167
4626537
4627755
4628598
4629113
4629977
4630399
4632375
4632412
4633819
4634095
4635058
4638759
4639051
4642723
4643062
4649727
4649737
4649756
4649757
4650135
4652837
4654504
4657479
4660806
4661316
4661625
4661859
4662826
4663579
4664652
4667437
4667609
4668385
4668427
4671292
4671613
4671694
4672061
4672814
4675044
4675079
4677006
4679382
4679847
4680427
4680718
4681640
4683029
4709950
4732859
4737133
4737136
4744650
4754736
4758927
4778233
4784342
4796749
4801830
4804139
4804308
4804646
4805203
4806421
4831196
4844769
4847270
4850709
4858164
4858609
4860173
4864703
4864705
4864706
4864709
4864712
4864717
4865548
4928684
4928685
4931467
4931732
4931858
4932947
4934473
4936227
4938173
4938666
4938889
4939781
4939828
4939913
4940305
4941902
4943744
4945133
4946300
4949614
4954914
4956292
4956521
4958930
4959368
3535125
849690
1097568
1295668
1366653
1367898
1367899
2156155
4307078
614814
684891
4194490
4237901
4257323
4564930
4564931
4584518
4839062
4839065
4839066
4840439
4273130
958862
908323
1964083
146662
2843779
2844083
584299
3922100
627165
627167
4558023
4814980
2974732
3073482
3140359
4236213
4278728
624744
700161
763173
766727
155402
2320574
3974189
4000695
4000874
4000897
4001187
4026429
4028528
2004806
2004807
2076999
2234967
2373505
3319533
3362704
3445975
3449681
3485306
3595172
3601527
3779165
3798218
3900162
3900164
3943742
3943944
3945901
3973466
3973606
3973610
3973612
3973760
3973766
3973876
3973877
3973889
3974359
4053480
4079180
4079217
4079228
4079229
4079230
4080393
4080671
4105836
4106040
4106042
4106067
4106069
4106073
4106908
4106909
4106911
4129424
4129426
4152876
4152889
4152890
4152892
4173640
4173642
4173703
4194333
4194439
4213585
4215434
4236400
4237573
4237897
4278732
4286614
650681
4595453
4604768
4812230
3798237
3945905
1402537
4346312
4569393
4569394
4569395
4569396
4569397
4569398
4569399
4569400
4605932
4610714
4638536
4837241
4837242
4837255
4840423
4945129
3628380
4293120
1494032
896716
1344181
912631
18056
331583
368482
516683
516685
516682
516684
1084646
1234779
1695319
2102320
236428
236429
242127
258778
291626
2842319
291627
299268
3485329
999355
4401691
4401692
4401693
4401694
4401695
4401696
4401697
485409
684365
684366
3711621
3779138
3798238
4569822
4848076
1183713
1197684
1289381
1813785
19014
2034199
2034200
2076194
2119760
2119761
215105
215390
2157772
2205956
376780
2371396
2461649
516674
2461651
2894600
2922499
298646
298647
299580
3566161
4106916
487815
487816
509109
516673
516675
516677
551835
570330
694875
694876
740630
83606
999354
4584517
289
51
1008435
524300
1048588
1057806
1061802
1061803
1147753
1152165
1183371
608503
1213183
1221326
551225
608501
484819
1296376
13826
1330227
91579
1330229
1337360
19015
630759
1434554
1440274
1447073
145469
1453886
1463351
1481083
1493714
684889
1506617
1506618
1506619
1524256
1547897
566633
155479
1559404
72993
72994
157228
158774
1590915
1590916
1590917
16184
1687586
1754988
1754989
21953
1888838
19157
1954365
1958374
1968013
2001351
2004803
2004804
2051625
89285
2089787
2089788
2096620
2121832
215107
215108
215321
215354
2155218
2155219
216663
216664
216915
2163676
2178177
2207693
2209473
2235524
2250288
2251336
865577
2265205
227745
2273258
2285781
230137
2305671
2314525
2314526
2314527
2320571
2373502
2388775
740631
2457387
2459919
684884
2460237
2461121
2462353
2462592
684882
2538430
2600236
2600726
2670753
2671980
2681848
2726722
278890
2780790
2781278
2789411
2841903
2841905
684888
2843048
286565
2894601
2894962
2920744
2920936
2921227
2929750
2929751
2979262
3014564
3074339
684887
3185919
323787
323788
323789
3230107
3271506
3319033
3365101
339197
3410243
343227
343231
3595761
3628767
3656071
3721776
3721979
3721980
3758012
3779151
3798231
380588
3821213
399736
412495
414683
4173709
4194535
4194537
425213
934427
4269323
4273092
4291710
4299369
4312390
4320483
433624
683555
438093
438097
4405063
83469
45410
46994
483798
484820
492225
509110
519095
530830
535063
537989
554608
571709
577920
604006
608496
608502
608504
608505
614806
630760
630761
684880
684881
684883
684885
701393
701733
701734
71951
716057
716058
716073
718209
729930
73496
750216
750217
750218
781078
82258
82496
82497
82498
82499
83684
868725
874084
881678
91578
92111
93381
930905
930906
949853
953882
958863
4568205
4587181
4817962
4839969
4840419
4840437
4840441
4840468
4939824
117
1028757
1122766
1204908
1204909
13042
13043
1484219
15814
1539634
1569884
157255
1575524
1620631
1662031
1662033
1736131
1736132
1736133
1857577
1857578
1857579
1857580
1902203
1987462
2047219
2049765
2121833
2122680
216357
2219864
222858
2310565
2538066
814209
2680847
2725655
2726840
2726842
2726843
2729707
2780946
2782949
3185427
3319353
3364613
3659508
379261
390603
399737
406928
4273153
4405073
4405074
4408595
4470305
454314
508913
549127
554609
91281
681033
686235
718541
730788
730789
740625
777366
814210
814211
814212
832019
874085
874089
892145
907360
91256
91635
94116
940321
964195
4667073
4837270
4837788
4837858
4837871
4840388
4840416
4840421
4840426
4949186
4964394
2601006
1356264
156133
1598401
1598403
1949407
2220260
2528698
2538879
2921381
293245
3319351
41044
413485
4173611
874083
277698
1361009
156030
227761
228362
2320116
2578939
2842289
2921223
3566162
4213574
897773
4436430
4524348
4571836
4817966
2781251
1013429
1044172
1170204
1854393
1920923
2095561
2462692
2681803
34034
3475388
3475389
3475390
3613999
3943384
885093
4547425
4547426
4626127
4821068
1493907
1600992
1600993
2578346
2600496
2671068
2671269
2729416
3049896
3779168
4199475
449187
608495
608499
670131
1002619
1002620
1002621
2789725
1615290
2539051
281027
1821494
2726093
903162
4949514
4311397
1048584
1153662
154636
155194
3444913
4443552
999356
4443555
874095
1180622
1180623
1180624
1180625
1180626
1226324
903159
159311
1872577
1872579
2726944
553006
3185812
3185855
3231091
3485242
3485243
3485244
3501988
3501989
3566661
3721935
3798239
3832637
3877006
4080665
4106877
4236222
4236223
4236224
4237905
866626
4237909
4237911
4237913
4237915
4299368
50617
697641
999259
4814726
4851841
4851842
1296480
1296481
1458243
1620632
1836450
986120
986121
986122
4590508
4609374
4839967
4840395
1289382
1289383
155141
2092961
2263312
2578762
2974596
3502009
2064866
4299354
1114555
1114556
1114558
1114559
1247542
1493710
1680936
571708
1888832
2001350
4405070
4405071
4477893
964449
4522945
4501907
953883
4026459
1114621
535062
1329798
1460679
1588935
1661961
1662016
1754990
1795586
438094
1869048
1930526
1955938
2059470
2059472
2059473
2059474
740638
2157232
2529167
2529171
2529173
2529175
2529177
2529178
2529179
2529180
2529186
2529190
2532117
2680924
2725673
2842187
3099334
3445746
3501986
3535892
3537209
356713
3566246
3566694
3721942
390368
3900253
399733
4079215
4173613
4299317
4324682
584300
609524
645603
815187
866628
89283
4560070
4814987
4869361
4931042
4936040
4937356
4946154
2787600
3059863
1286952
999495
2320573
3319253
1652950
1262162
438095
1330391
1336285
1364217
145367
156135
1786974
1847513
1847514
1871394
1915223
216934
216935
216936
71950
216938
2231136
737778
438091
2539047
2578745
290508
3016163
815189
3272567
3274956
3450266
3475409
3600888
3660243
413922
413924
4173618
4173693
4174652
4359898
4427310
4443015
4443016
4443017
4483972
519844
71949
724622
737777
752052
758032
773146
91577
930899
4521855
4521857
4521860
4871707
4871708
4871709
4905270
4905271
3849017
4237853
4564741
1406684
2076189
2076190
2076191
215319
2076193
2231085
402583
4272820
438090
445819
3185068
1874132
1008803
1048583
1073490
779896
16081
1250802
1346898
1353099
1353100
1361031
1361032
1361033
702811
1361035
1361036
1372949
323783
82509
1458232
156134
156327
156422
72430
1694968
1785644
18027
1849153
1883470
19001
19002
323781
1950630
20572
2004801
2012678
2019716
2024318
2049090
2051619
2051626
257347
2121831
2132870
215103
215104
215346
2176191
323784
2194420
2209357
323782
765922
884437
2209488
2219862
227758
2279311
2294849
230815
2304809
2304810
668240
2330819
2388219
2391403
2457464
2463081
2527767
2527772
2528735
253341
2539367
2577228
2580700
262724
2680922
2729445
2782057
2782861
2789103
2789746
2894588
84327
2921403
2930256
7230
303673
3049756
3049758
3049759
3073864
3099325
3139542
3140360
3185165
567615
323780
3272891
3274696
3274698
3275109
3318865
3363559
3409621
3474879
3474936
82510
356712
3566158
3600660
3600661
3600884
3614351
3614353
3614358
3627976
3628374
3628740
3628741
3660287
3721977
3779159
399732
407551
407552
411397
4273183
4291707
4303307
4307085
4331357
4331772
4334646
4353526
4391507
4424468
4424469
484818
497034
497035
497036
551221
566631
567616
567617
582523
630756
653866
668241
670134
72429
674795
681029
681030
684841
684842
89075
684847
707159
72428
72431
723668
734775
734776
734777
758067
782869
787852
795710
82511
82512
82513
824223
91626
911626
950311
988948
988949
1017066
3620765
4443547
815976
2401045
2377309
278744
2930634
726558
4001189
4028279
118
973545
1136035
1136036
13124
13827
13828
1361041
1455959
146478
146479
1463582
1464592
1472134
154620
155892
157602
158095
159138
755409
1927496
2081661
2084472
2117231
2117232
215115
433616
222962
222963
2227728
2328199
2456338
2528984
253340
2577504
2578608
258779
2680920
277695
2789227
2841914
2843637
2844930
291723
295553
298644
32110
334244
346322
3475443
3485272
3485275
3485276
3502122
3567176
3832647
4106114
4127915
4152872
816050
523533
4215366
4299345
468446
500595
594822
627552
660009
681338
686475
776659
817757
818047
866630
89291
91707
4819803
4865730
4955921
2132851
1242320
15782
2247622
4414838
4457361
554129
4000351
109
259
1009361
1033693
91622
1034149
1041778
1047293
92074
424269
424270
1087742
1090123
1093869
1109138
1136029
1136030
1136031
1136032
1136033
13656
1174980
1206493
1213182
1213405
1215237
1221323
1227245
1240984
1240985
1240986
1240987
1242315
1247543
1247544
1247545
1269957
1269958
1288853
1289372
13657
551490
684862
1330231
1330233
1330234
1330235
1330236
1335054
1336286
1346918
1346919
1346920
1346921
1346922
404195
1366656
1376799
1389021
1393969
1396715
1400272
1403891
1403892
1409877
1409878
1409881
1409882
1409883
1409884
1417824
1429345
1440217
1440218
1446259
581191
1448169
145653
1468908
147706
147707
147708
147947
1470535
1485969
1485970
1485971
1486395
1490297
1493663
1493664
1496330
1496331
1496332
1496333
1496334
464035
871870
1496339
399735
1496341
1497702
1497864
32966
1520745
153776
153823
153824
153959
154101
154102
1557190
156034
156136
156423
285917
157227
157368
157613
157693
158090
158457
445350
1585367
346274
1588011
1588012
1588013
1592286
16028
16029
1628581
1637859
1651343
1651344
73663
89484
277694
1696711
1739463
1739464
1739627
1739666
1747696
430321
1757073
21563
1771080
1772711
1772712
1772713
41048
1785089
1786969
1786970
812114
1786972
1786975
681585
18032
18033
18034
18090
1804945
1811359
1828405
1848901
1869271
1879968
1888843
1888844
1927501
1933351
812115
1959498
1960536
1960708
1971907
1971908
1971909
1971910
1971911
1971912
1971913
1972241
2004483
2009445
2009446
2029729
2031717
2047151
2047152
2063037
2076070
2076641
2077201
2079346
2092698
2093110
2095562
2095572
21952
35777
2120655
2132544
2143585
215151
2154731
34035
2154739
2154743
2154753
2154755
2154763
438092
2155217
2157234
2161636
2161704
2161705
2162416
2171967
2172663
2173592
2173594
2178110
2189828
2192920
2198929
2219863
222981
2231088
2231090
2236373
2241706
2247425
2250176
2250187
2251389
2255439
2256596
2260499
2267923
2268052
2268736
227279
2272626
2279323
2285768
229659
740639
2294465
2304989
2320115
2320570
2322539
2374412
999353
2387856
2391539
2392717
2461963
2462550
433662
2462597
2462912
2463864
2537618
2537619
2537984
2539369
2541259
2541380
2541469
2561881
2578595
684866
2579082
2579268
424267
2581162
265335
2670755
2672153
2680211
2680892
2680899
2681611
2725966
2726080
2726726
2726728
2726730
2729517
273078
2730128
2789857
2789891
2789892
2790077
2842893
2843061
2843529
2844044
2895213
293246
296446
296447
2975132
300273
3013484
3014000
3014003
3015753
3015860
302140
304768
3047841
3049645
3074232
3074275
3074276
3074362
3099720
31488
3137662
3140730
316726
535243
3185350
3185351
3185352
3185354
3185504
3185510
3185821
3185823
3185824
3185825
32967
91485
323786
3230028
3230030
3230032
3230034
3230070
3230643
324746
3272566
3274699
33004
330584
3319352
3319991
332616
332629
3362780
3363563
3363564
849935
3363576
3364683
3409562
3409563
3409964
3449438
3449901
3474846
3475048
3475049
3475412
35776
35778
35780
35988
3500705
3500706
3500707
3500709
3500711
3500713
3501011
3501543
3535505
3535900
3536693
3566426
3566428
3600882
3628081
3628083
3655682
3721983
3721985
3721986
3748228
3758211
3758243
3758244
3773156
748249
3775799
3798185
3798228
3798229
389910
399704
399734
402591
402592
89475
41047
424266
424268
4270472
4273154
4273155
4273522
4278749
4291651
4299375
430300
430301
430302
430322
4307051
84329
431334
431335
431337
433144
433145
433155
433156
4334365
4350941
4360211
4360212
4360213
437629
437630
4373188
438096
4412571
4474634
4474635
4486043
477398
477399
50654
48165
482497
483797
485627
489115
492230
492609
526512
527972
528585
532884
535244
552195
570568
570569
571716
581156
637908
641612
641613
643925
644374
683346
684861
684863
684864
684865
700162
701392
706351
715882
72752
72753
73003
730787
733920
737788
737790
752070
757652
767570
773147
812116
815142
82393
82494
82495
823585
827798
83463
83472
847939
849932
874082
89284
892355
899492
90958
90959
91187
91282
91646
91647
92541
930900
972467
973544
977257
987314
988946
990729
4526229
4526230
4526231
4537450
4564034
4564035
4810506
4814933
4814963
4871711
4903545
4912396
4912604
4920044
4924164
4924165
4924166
4924167
1311048
1848900
2529191
2529199
988086
754987
889978
1588014
1869139
2025659
215320
2173485
23367
2388976
2389136
2389143
2541790
2681570
2781736
286564
29127
30051
3274880
3363578
3364150
3365136
3406394
368518
492691
4369915
4458330
492224
509391
708355
716607
84047
889979
889980
900881
4839962
4840381
4840384
4840465
1277417
2781133
3275343
3406393
917220
684868
684869
684870
684871
684872
684873
684874
684875
684876
2009509
2391586
1968019
1590910
1590911
1590912
1590913
1590914
1680937
1744873
1744874
1888834
1888835
1941493
3275156
4355062
4355063
4355064
4355065
4355066
4355067
4355068
4355069
4355070
4355071
4355072
4355073
4355074
4872742
4566118
4566119
4680210
4833021
4833282
157225
1964081
1074147
1074148
1074149
230138
1074151
700323
1267987
13060
16049
227746
216544
1831798
2034022
323778
216912
2034025
765920
2034027
2065342
216911
2176257
2176258
222958
2272630
2464133
2725667
3049503
3185067
3185424
323777
323779
3535822
3748239
4106955
422350
422351
4384281
454336
479000
593920
788121
788122
815378
820089
823721
874090
4662773
4819810
1963631
