1310230
1310229
1303335
1291037
1288886
1286225
1286224
1286223
1286222
1286221
1286220
1286219
1282260
1246967
1246966
1246965
1246964
1246961
1245035
1245034
1245033
1245032
1240002
1240001
1240000
1239999
1239998
1239997
1239996
1239995
1239994
1239993
1239434
1239430
1239429
1239428
1239427
1239426
1239425
1239424
1239423
1238368
1232899
1207991
1207990
1207989
1207988
1203030
1197857
1197856
1197851
1197850
1197849
1197766
1195387
1195386
1195385
1195384
1195383
1195382
1167684
1167682
1167681
1167679
1167678
1163729
1163727
1163725
1163723
1162380
1162379
1162378
1162377
1162376
1158978
1158975
1158974
1158970
1158966
1158921
1154687
1133291
1133290
1129003
1129002
1125842
1116479
1116478
1116470
1116469
1116468
1116360
1116359
1116358
1116357
1115885
1115884
1115870
1115869
1115868
1115867
1115866
1115701
1110707
1105489
1105488
1105487
1092446
1091513
1091512
1091511
1091510
1091509
1091508
1081694
1079723
1079722
1078825
1078820
1078817
1078804
1078802
1078801
1077283
1067784
1067783
1067782
1067781
1067780
1067779
1067778
1067777
1067776
1067775
1067774
1067773
1067772
1067771
1067770
1067769
1067768
1067767
1053984
1051665
1048813
1048812
1046852
1046851
1038732
1034335
1032405
1032404
1032403
1032402
1032401
1032400
1032399
1032398
1032397
1032396
1032395
1032394
1032393
1032392
1032391
1032390
1032389
1032388
1032387
1032386
1032385
1032384
1032383
1032382
1032381
1032380
1032379
1032378
1032377
1032376
1032375
1032374
1032373
1032372
1032371
1032370
1032369
1032368
1032367
1032366
1032365
1032364
1032363
1007699
1007698
1007697
1007696
1007695
1007694
1007693
1007692
1004919
1004697
1002701
1002695
1002354
1002352
1002351
1002350
1002349
1002348
1002347
1002346
1002344
1002343
1001821
1001581
1001580
1001579
1001578
1001577
1001576
1001563
1001562
1001556
999965
999964
999963
999958
999954
999943
999942
999941
999937
999935
999321
999320
983528
981671
974341
974340
974339
974338
974337
974336
974335
974334
974333
974332
974331
974330
974329
974328
974327
974326
974325
974324
974323
974322
974321
974320
974319
974318
974317
974316
974315
974314
974313
974312
974311
974310
974309
974308
974307
974306
974305
974304
974303
974302
974301
974300
974299
974298
974297
974296
974295
974294
974293
974292
974291
974290
974289
974288
974287
974286
974285
974284
974283
974282
974281
974280
974279
974278
974277
974276
974275
974274
974273
974272
974271
974270
974269
974268
974267
974266
974265
974264
974263
974262
974261
974260
974259
948073
947062
947061
941653
941652
933072
915937
915936
915935
915934
915933
915932
915931
915930
915929
915928
915927
915926
915925
915924
915923
915922
915921
915920
915919
915918
915917
915916
915915
915914
915913
915912
915911
915910
915909
915908
915907
915906
915905
915904
915903
915902
915901
915900
915899
915898
915897
915896
915895
915894
915893
915892
910446
909369
909368
909367
909366
909363
907075
903567
891591
891590
891589
891585
891577
891576
891575
891574
891572
891570
891568
887799
887567
869459
869068
869067
867898
867897
867892
867891
867890
867889
867888
867887
867886
867885
867883
867882
867881
867880
867875
867874
867864
867863
867862
867861
867857
867856
867855
867854
867853
867852
867851
867850
867849
867848
867847
867846
867842
867841
867840
867839
867838
867837
867836
867835
867834
867833
867831
867830
867829
867828
867827
867826
867825
867823
867822
867821
867816
867815
867814
867169
864758
816789
816788
816787
816786
816785
816784
816783
816782
816781
816780
816779
816778
816777
816776
816775
816774
816773
816772
816771
816770
816769
816768
816767
816766
816765
816764
816763
816762
816761
816760
816759
816758
816757
816756
816755
816754
816753
816752
816751
816750
816749
816748
816747
816746
816745
816744
816743
816742
816741
816740
816739
816738
816737
816736
816735
816734
816733
816732
816731
816730
816729
816728
816727
816726
816725
816724
816723
798163
797724
797723
748910
744863
743491
727696
712816
712815
712103
712050
712049
712048
712047
705079
700936
692277
685785
685784
685783
685780
685779
685777
685776
685731
685730
685729
679018
679017
670388
666442
662937
662936
662898
662897
649740
647620
647619
647618
647617
646525
645311
645310
645309
641287
638936
635128
635127
633651
633650
633648
633647
633646
633645
631203
631201
611780
608709
608708
608660
608659
608657
608656
599854
594609
592573
589511
589510
589509
589508
589507
589506
587652
586238
584997
584996
584995
584771
584770
581158
578340
578339
574081
574080
574075
574073
574072
574066
574065
574064
574060
574022
572371
572313
568929
568927
568926
568717
568178
568177
568176
568173
568172
568171
568170
568169
568168
568167
568166
568165
565237
565071
565070
565069
565068
563995
563994
563993
563992
563833
559842
556920
556919
556918
556902
556300
549403
549400
545504
545503
526822
526821
526820
526819
526818
526817
526816
526815
526814
526813
526812
526811
526407
525717
524134
522447
522446
522445
519449
519447
519446
519445
519041
519040
519039
519038
519037
515995
515994
515828
515827
515826
512570
509042
509041
509040
509039
509038
509037
509036
509035
509034
509033
509032
509031
509030
509029
509028
509027
508772
507608
507607
507606
505943
505845
502802
498220
498219
481314
481313
481312
479725
479724
479723
479722
479479
479477
478698
478518
476589
476588
472238
471462
471461
471460
463811
463810
463808
463807
463806
463805
463804
463803
463802
463801
461400
461398
461397
461396
461395
461394
460136
452654
452653
452650
452596
452595
451111
451110
450945
450944
450943
448085
448084
448083
448077
446910
446909
446908
446907
446906
446905
442846
442103
441364
438766
436908
436904
436903
433360
433359
433358
430492
430491
423244
416810
416809
415936
415935
415934
415933
414524
414523
412096
412095
412094
412093
412092
412091
412090
412089
412088
410852
410851
410850
409885
409374
409373
409372
409060
409059
409058
409057
409056
409055
409054
409053
409052
409051
409050
409049
409048
409047
409046
409042
409040
409039
409038
409037
409036
409033
409032
409031
409030
409029
409028
409027
409022
409021
409020
409019
409018
409017
409016
406813
406812
406811
406810
406809
406808
406807
406806
406805
402030
394056
393601
393600
392319
392318
392008
392007
392005
392004
386774
386773
386772
386771
385575
385037
385036
385035
384942
384941
384940
384635
384634
384633
380359
378750
378749
378216
376555
376141
375554
375553
374419
372077
372076
364774
362872
362826
362825
362824
362823
360967
360966
360163
360161
360160
360159
360158
360157
359394
358130
354743
354742
354741
348608
344224
344223
343907
342862
342861
342860
338420
338419
338418
337453
337452
334201
334200
334199
334198
329872
329871
329870
328968
328967
328961
328804
326151
326150
326083
326081
326080
321263
320431
319529
319527
319526
319525
319524
319523
318598
312069
306064
306063
306062
303307
303306
302711
302710
302413
302412
302411
302410
302408
302407
302404
302402
302400
302399
302397
302396
302395
301158
301157
298110
298109
297253
294656
294655
294654
294653
294650
294649
294648
291302
291301
291300
291299
290571
290570
290569
290568
290567
290566
290565
290564
290563
290562
288699
288698
288697
283491
280979
280976
280975
280973
279184
279183
279182
279181
272803
272800
272799
271602
271465
271464
271463
271462
271461
270786
270785
270784
270783
270782
270781
270780
270779
270778
270777
270776
270775
270774
270772
270771
270770
270769
270768
270767
270766
270764
270763
270735
270698
265733
265731
263451
263450
261759
261758
260821
258961
258960
258959
258958
258957
258956
258955
258954
258953
258952
258951
258950
258949
258948
258947
258946
258945
258944
258943
258942
258941
258940
258939
258938
258937
258936
258935
258934
258933
258932
258931
258930
258929
258928
258927
258926
258925
258920
258919
258918
258910
258909
258908
258906
258889
258869
258867
258866
258865
258864
258863
258862
258843
258842
258774
258773
258772
258771
257884
257883
257882
257881
257879
257473
256420
256419
256042
249034
249033
249031
249028
249024
249021
249020
249019
249018
249017
249016
249015
249014
249013
249012
249011
249010
249009
249008
249007
249006
249003
246823
246822
246816
246814
245180
245071
245070
244175
244174
242915
242384
242383
242197
242196
242195
242194
237984
233861
233766
233765
233183
232091
231883
231882
225401
225400
225399
221446
221272
221090
221089
221088
221087
221086
217614
211472
211471
210810
208972
208971
208969
203698
203696
203695
196889
196701
196700
196419
196298
196297
196296
192869
192868
192867
192866
192865
192864
192410
192409
192408
192407
192406
192405
192404
192403
192402
192401
192400
190511
190509
190508
190507
188572
188571
188570
188569
188568
188567
187391
187022
187021
187020
187019
187018
187017
187016
187015
187014
187013
187012
187011
187010
187009
187008
187007
187006
187005
187004
187003
187002
187001
186998
186995
186994
186991
186990
185215
183555
178896
178895
177185
177184
177183
177182
177163
177162
177161
177160
177159
175525
175524
175523
173903
173902
171122
170236
170235
170234
170233
170232
170231
170230
170229
170228
170227
170226
170225
170224
170223
170222
170221
170220
170219
170218
170217
170216
170215
170214
170213
170211
170210
170209
169756
169060
169059
169058
169057
166054
164660
161599
161598
160977
160974
159859
159858
159339
159337
159335
159334
159333
159332
159331
159330
159329
159328
159327
159326
159325
159324
159322
159320
159319
159318
157961
155916
155915
155041
155040
155039
155038
155037
155036
155035
153299
153298
153297
153296
153295
153294
153293
153292
153291
153290
153288
153287
153286
153285
153284
148094
148093
148092
148091
148090
148089
148088
148087
148086
148085
148084
148082
148081
148080
148079
148078
148077
148076
148075
148074
148073
148072
148071
148069
148068
148067
148066
148065
148064
148063
148062
148061
148060
148059
148058
148057
148056
148055
148054
148053
148052
148051
148050
148049
148047
148046
148045
148044
148043
148042
148041
148040
148039
148038
148037
148036
148035
148034
148033
148032
148031
148030
148029
148028
148027
148026
148025
148024
148023
148022
148021
143942
143291
138981
138980
138979
138978
138977
138707
138706
138705
138704
138703
138702
138701
138700
138699
138698
138697
138696
138695
132908
132907
132906
126576
126574
126404
126282
124759
124758
124757
124756
124755
124754
124753
124752
124751
124750
124749
124748
124747
124746
124745
118856
118855
118854
118853
118852
117605
117604
117603
117602
117601
110943
110942
110941
110940
110939
110938
109485
109484
109483
109482
109481
109480
109479
109478
109477
109476
105295
105273
98922
94963
94962
94961
94960
94959
94958
94957
94956
94117
89808
89673
89399
89398
77243
77242
77241
77240
77237
77236
77235
77234
77233
77232
77231
77230
77229
77228
77227
77226
77225
77224
77223
77222
77221
77220
77218
77217
77216
77215
77214
76837
76836
76835
76834
72131
72130
61862
59489
59488
59487
59486
59485
59484
59483
59482
59481
59480
59479
59478
59477
59476
59475
59474
59473
59472
59471
59470
59468
59467
59466
59465
59464
59463
59462
59461
59460
59459
59456
59455
59454
59453
59452
59451
59450
59449
59448
59447
59446
59445
58087
58086
58085
58084
58083
58082
58081
58080
58079
58078
58077
58076
58075
58074
58073
58072
58071
58069
58068
58067
58066
58065
58064
58063
58062
58060
58059
58058
58057
58056
58055
55054
55053
51300
51299
51298
51016
51015
51014
51013
51012
51011
51010
50353
50352
49443
49442
48988
48987
42147
42146
40240
40239
40238
40237
40236
40235
40234
40233
40232
40231
40230
40229
40228
40227
40226
40225
40224
33546
33545
33544
30562
30560
30559
29078
29077
29076
29075
27674
27673
27672
27671
27670
27669
27668
27667
27666
27665
27664
27663
27662
27661
27660
27659
27658
27657
27654
27647
27646
27645
27644
27643
27642
27641
27638
27637
27634
27633
27632
27631
27629
27628
27627
27626
27625
27624
27623
27622
27621
27620
27619
27618
13281
13280
9440
9439
9438
9437
9436
9435
9434
9433
9432
9431
9430
9429
9426
9425
9423
9422
9421
9420
9419
9418
9417
9416
9415
9414
9413
9412
9411
9410
9409
9408
9407
9406
9405
9404
9403
9402
9401
9400
9399
9398
9397
