1638485
1638924
1638659
1638618
1638736
1639040
5088615
5088630
1639171
1638970
1638247
5088642
1638712
1638763
1639258
1638331
1638244
1638221
1638575
5813539
5088506
1638124
1638339
1639183
1639357
1639114
1639104
1638416
5088473
1639200
1638263
1638770
5088682
1639329
5088568
1638205
1638453
1638089
5088495
1638237
1638759
1638430
1638409
1639319
1638421
5088594
1638320
1639298
1638747
1638335
1639280
1638764
1639369
1638332
1638451
1638743
1639195
1638638
1638423
5088500
1638741
1639253
1638239
1638588
1639286
5088463
1638783
1638169
1638125
1638785
5088480
5088507
1638158
1638660
1639270
4788244
1639163
1639093
1638156
5088713
1638469
5088520
1638211
1638657
4516470
1638597
5088701
1638972
5088546
5088522
5088519
5088580
5088552
1638999
1639111
1639115
1639138
1639011
5088690
5088601
5088646
1639203
1638939
1638396
1638394
1638295
5088709
5088593
1638991
1638384
5088732
5088727
5088721
1639051
5088669
1639345
1638670
1638756
1638722
1639193
1638083
6098836
6098838
6134844
1639042
5088647
1639032
1638784
1638704
1638390
1638947
1638366
1638381
1638437
1638642
1638755
1638653
1638098
1638135
1638182
1638130
1638697
1638151
1638149
1638137
1638661
1639354
1638765
1638338
1638420
1638468
1639134
6714285
1639216
5088705
1638610
1638402
1638401
5088590
1638581
1638779
1639148
1639363
1638591
5088702
5088515
1638216
1638586
4788251
1638666
1638424
1638457
1639108
1639289
1639303
1638316
1638231
5088742
1639350
1638131
1639322
1639250
1638299
1638937
1639083
1638669
1638323
1638576
1638093
1639214
1638209
1638577
1638461
1639334
1638413
1638682
1639368
1638195
1638713
1639119
1638894
5088613
1638354
5088498
1638199
5088562
1639360
1638810
5088478
1638698
5088550
1638219
1638446
1639347
1639189
1639159
5088746
1638090
1639179
1639282
1639348
1638813
4788245
4788235
1639206
1639180
5088543
1639312
5088557
5088494
1639326
1638173
1639293
1638114
1638190
1639256
1638253
1638463
1638206
5088587
5088693
5088707
1639215
1639085
1638773
5088655
1638321
1638085
1638954
4788225
1639325
4788246
1638934
1638265
1638793
1638641
1638214
1639359
1639272
1638613
1638569
5088719
1639317
5088715
5088549
5088567
1638632
1638345
1638762
1638791
5088684
5088626
5088644
1638652
1638719
1638602
5088667
5088712
1638993
5088493
5088492
1638399
5088508
1638288
1638608
5088591
1638287
5088734
1638480
5088653
5088740
1638932
5088698
5088600
1639276
1638671
1638668
1638605
1639000
1638951
5088748
6098834
6098630
6098628
6134840
6134839
6134847
6134846
5088607
1638760
5088536
5088596
5088641
1638372
5088605
1638462
1639213
1638663
1638161
1638166
1638111
1638126
1638157
1638100
1638123
1638128
1638104
1638710
1638771
1638102
1638690
1638336
1638464
9491
1638077
1638324
1638730
1638359
1638960
5088632
1638655
1638767
1639291
1638303
1638200
4788252
1638707
1638329
1639110
1638448
5088472
1638344
1639175
1638256
1639012
5088513
1638723
1638706
1638108
1639361
1639146
1638183
1638621
1638440
1638788
5088611
1638987
1639190
1639170
1639155
1639135
1638365
1638684
5088485
4788228
1638175
5088475
5088570
1638673
1638796
1638181
5088628
4788217
1639278
1638300
1638095
1638081
1638800
1638952
1638099
5088476
5088564
1638927
1639154
1638273
1638709
1638573
1639160
1639332
1638466
1638312
1638724
1639318
1638314
1638646
1638692
1639188
1638664
1638207
1639290
1639140
1638222
1638326
1639120
1638925
4788243
1639149
1639192
5088471
4788247
1638615
1638322
1639069
1638232
5088672
1639380
1639191
1639103
1639181
1638753
1638731
1638742
1638612
1638356
1638761
5088542
1638308
1638337
1639287
5088597
1639197
1639263
1638921
4516468
1639004
5088560
5088589
5088561
5088523
1639121
1638636
1639242
5088661
5088683
5088579
5088668
5088756
5088753
5088694
5088496
1638293
5088716
5088737
1639228
1639053
1638861
1638721
1638674
5088555
1638374
1639055
1638650
4294459
6098833
6134849
6134848
1639151
5088671
1638267
5088635
1638261
5088612
1638611
1638984
1639068
1638404
1639082
1638563
1638956
1638414
1638133
1639275
1638145
1638155
1638732
1638168
1639005
1638439
1638447
1638412
1639112
1639123
6714284
1638294
5088714
1638958
1638369
1638614
1638923
5088681
1638790
1638120
1638269
1639308
5088677
5088487
1638227
1638571
5088569
1638138
1639274
1638772
5088514
1638465
1639356
1638143
1639172
1639358
1638187
1638334
1638240
1638188
1639126
1638695
5088692
1638678
1638505
1638974
1639147
5088474
1639167
1638795
1638950
5088502
1638198
1638254
1638805
1638776
1638686
5088585
1638226
5813537
5088525
1638711
5088710
1638236
1638203
4788248
1639327
5088633
1638398
1638936
5088551
1638474
1638622
1639080
5088486
1639352
5088583
1639378
1638473
5088468
4788250
1638596
1639362
5088524
1638526
1638809
1638434
5088696
1638745
5088470
1638994
5088595
1638271
5088679
1638714
1638353
5088477
1638101
5088512
1639164
5088483
1638472
1638989
1638250
1638562
4516462
1638567
4516463
4516465
1638718
1639267
5088577
1639098
1639097
1639335
5088675
5088658
1638540
5088575
5088664
1638990
5088509
1639018
1638607
1638599
5088638
1638202
5088688
1639037
5088731
5088724
1638944
1638941
5088735
1638842
1639353
1638738
1639002
1639006
1639106
6098835
1639156
6098837
6134841
6134845
5088617
1638248
1638395
5088640
1638279
1638109
1638327
1638170
1638176
1638117
1638750
1638259
1639349
1639090
1638445
1639251
5088650
3264729
1638051
1638313
1639023
1639039
1638082
4788238
4788240
1638751
5088620
5088691
1639091
1638766
1638734
5088465
1639339
5088739
5088592
1638580
1639313
1639130
4785769
1638726
1639338
1638177
4785768
1639186
1639153
1638243
4788253
1638579
1638746
1638688
1639088
1639321
1638593
5088526
1638419
1639314
1639279
5088510
4788241
1638208
1638179
1639273
1638217
1638728
5088516
1639129
1638867
1638963
5088639
1638748
1638389
1638368
1639185
1639333
1638144
1638949
1638680
1638370
1638449
1638584
1639285
1639311
1638570
5088616
5088704
1639224
1638257
1639169
1639328
1638458
1638317
1639144
1639377
1638628
5088687
1638289
1638769
1639269
1638436
1638768
1639157
1638595
1638164
1639196
1638152
1638672
1638252
5088464
1638340
1639304
1638566
5088588
5088497
1639182
1638255
1638184
1638132
1638986
1638656
1638251
1639067
1638978
5088490
1639007
1638096
1639003
1638729
5088539
5088566
1638694
1639266
5088537
5088553
1639125
1639141
1638467
1638983
5088608
5088604
1638973
5088623
1639016
5088711
1638363
1638286
5088489
5088752
5088749
5088754
5088736
5088730
5088750
5088729
1638929
5088717
5088697
1639346
1639277
1638737
1639089
1638429
1638454
5088576
1639087
6098832
6134843
6134842
6134371
1638645
5088637
1638379
1638477
1638479
1639035
1638962
1638383
5088598
1638797
1638782
1638106
1638113
1638174
1638119
1639295
1639370
1639374
1638159
1638752
1638739
1638789
1638418
1638471
1638450
1638268
6708158
1638086
1638417
1638594
5088599
1638333
1638319
1638942
1638908
1638204
1638794
5088482
5088533
1638296
5088540
4785766
1638647
1638088
1639133
1638229
1639205
5088484
5088466
5088467
1638757
1638700
1638799
1639336
1639092
1639340
1638812
1639041
1638778
5088703
5088621
1639371
1639299
5088491
4788260
1638988
1638943
1638298
1638470
1638290
1638935
1638589
1638582
1638801
1639337
1638167
1639288
1638431
1639300
1638230
1638127
1639150
1639230
1638654
5088544
1638696
1638134
1638348
5088545
1638565
1638291
5088578
1639341
1638112
5088700
1638139
1639066
1638754
1638197
1638475
1638675
1639187
1638355
1639152
5088548
1638716
1638665
1638141
1639316
1638926
1639294
1638699
1638727
1639284
1638585
1639301
1638583
1639176
1639283
5088517
1638146
5088695
5088584
1638651
1638249
1638749
5088547
1638148
1639292
1638691
1638717
1638455
5088499
1639260
1638689
1638703
1638186
1639131
4788218
1638193
1638964
6547618
1639247
5088518
1638609
1638774
5088529
5088532
1639127
5088660
5088745
5088624
1638966
5088511
1638282
5088488
1638598
1638604
5088751
5088654
1639059
5088722
5088718
1638807
5088556
1638142
1639073
1638667
5088629
1638377
1638482
1639210
1638121
1638702
1639248
1639342
1638140
1638153
1639145
1638180
1638246
1638720
1638685
1638637
1639177
1638196
1638194
1638633
1639116
1638426
1638442
1639208
5088676
1639225
5977824
1638302
1638777
1638946
4788239
1638210
5088627
1639296
1638301
5088609
4788257
1639072
1638280
4788255
5088747
1638218
1638272
1638245
1638564
5088563
1639367
1639137
1639096
1638733
1639174
1638683
1638658
1638643
1638171
1639372
1638097
1638693
1638644
4788216
5088559
1638122
1639323
1638648
1639184
1638938
5088521
1639324
5088757
1638105
1639302
5088636
1638617
1638708
1638150
1638224
1638215
1639365
1639117
1638787
1639162
1638191
1639375
1638781
1639001
1638432
5088481
1639366
1638341
1639168
1638274
1638277
1638854
1638347
1639165
1639122
5088505
5088504
1638626
1638725
1639211
1638364
1639376
1638266
1638165
1638443
1638238
1638572
1638110
1638154
1638346
1639095
5088706
1639128
5088469
1638325
1638444
1638276
1638212
1638985
1639178
1638976
5088625
1638371
1638262
1638410
1638225
4788231
1638955
1639101
1639207
1638129
1638814
1638815
4788219
1638284
4516469
5088708
1638360
1639081
5088530
5088565
1638620
5088743
1639132
1639102
1639331
5088659
5088674
5088643
5088619
5088666
5088663
5088665
1638968
5088723
5088738
5088741
5088726
5088720
1639044
1638930
1638965
1638902
1639166
1638740
1639309
5088728
5088725
5088652
1639015
1638310
1638928
1638079
6098629
1638292
1638264
1638806
1638270
5088662
1638351
5088631
1638147
1638681
1639139
1639008
1638452
1638435
1639255
5088622
1639047
1638233
5088699
5088535
5088581
1638220
1639271
1639373
5088606
1638587
4788249
1638780
1638258
1638687
1638676
1638275
1638975
1638076
5088554
1639161
1639364
1638677
1638662
1638185
1638798
5088571
1639202
1639142
1639084
1638403
1638933
1638307
1638118
5088758
1639158
1638285
4788242
1638459
5088541
1638438
1638162
1638116
5088634
1639305
1638715
5813538
5088527
5088648
1639343
5088603
5088614
1638242
1639086
1639315
1638223
1639355
1638744
1638330
1638304
1638811
1638075
5088479
1638213
1638679
1639220
1638590
1638357
5088685
1638441
4788254
1638758
5088501
1639297
1638260
5088618
1639249
1638136
1639209
1638639
1638160
1639173
1638829
1638592
1638358
4788256
1638979
1638103
1638578
1639212
1639330
5088733
1638382
1638701
1638305
1638616
1638318
1638306
1638343
5088503
4788226
4788262
1638094
1638977
1639268
1639243
1638092
4516461
1639227
4294458
5088573
5088534
5088586
1638786
1638803
5088528
5088558
5088572
5088582
5088574
5088531
5088538
1638631
1638980
1639118
1639100
1638649
1638640
1639320
5088686
5088673
5088649
5088645
5088602
1639257
1639254
5088656
5088670
1638992
1638971
1638397
1638568
1638601
5088689
5088651
5088755
1638705
1638428
1638415
5088657
1638847
1638574
1639351
1639231
5088610
5088680
5977822
5088678
1639194
1638172
1638115
1638178
1638189
1638792
1638735
1639281
1638163
1638775
5088744
1638460
1638422
1639201
1639204
1638456
1639261
5977823
1638996
4788229
1638234
1639222
4785767
1638078
1638624
1638995
1639259
1638619
1638476
4788263
1638241
1638228
1639099
1639013
3264649
1639198
1639306
1639379
1638922
1638309
1638192
1639094
1639223
4407281
1638629
1638998
1638816
1639030
1639245
4785765
1638342
4788236
4785764
1639241
4788258
1638630
1587266
4788227
1639109
1639143
1639010
1639246
1638411
1638235
1639199
4788221
4788237
1639244
1638802
1638961
1638625
4788230
1638635
1638087
4788261
1638278
1639105
1638091
1638959
1638982
1639031
1639264
4788234
1638804
4788223
1638623
1638350
1638297
1638349
1638627
4788222
1638315
1638074
1639265
4788233
4788220