4831800
734
4969119
4572459
3240730
4832160
4831785
4831777
4831776
4832062
4831783
4832023
4969117
4832027
4969048
4969116
4832028
2433179
5218770
2433200
5816563
4832189
4832191
2433262
2433307
2433306
2433206
4265279
4265275
4265433
4265343
4265348
4265292
4265394
4265399
4265401
4265416
4265312
4265327
4265336
4265333
5706827
5787388
2433265
2433290
5218755
2433287
2433163
2433193
4832200
2433302
4265434
6623358
4265289
4265286
4265345
4265344
4265444
4265294
4265296
4265403
4265405
4265320
4265326
4265316
4265328
4265334
4265430
5706809
5787385
2433291
2433195
2433259
4832188
4832178
4832197
2433258
4832217
4265284
4265445
4265340
4265299
4265300
4265396
4265404
4265397
4265313
4265319
5706825
5706826
5787383
2433284
2433219
5963039
2433203
4832221
4265426
5706821
4265352
6075543
4265276
4265272
4265285
4265424
4265366
4265341
4265301
4265371
4265330
4265314
4265325
4265385
5706831
4969129
5787386
5787390
4265331
2433293
2433288
2433205
5218758
5218759
2433323
2433225
4832193
4832190
4832192
5218760
5963038
2433285
2433175
4832216
2433157
4265351
4265354
4265386
5706815
4265443
4265290
4265402
4265323
5706819
5706832
5787381
5787393
5787384
4832212
2433181
5429070
2433272
5218769
5218757
2433282
2433187
2433159
4265353
4265437
4265278
5706818
4265362
4265363
4265361
4265365
4265400
4265415
4265315
4265321
4265317
4265383
5706828
5706824
4265367
6100703
2433340
2433240
4832172
2433171
2433273
2433256
2433238
6075541
6623382
4265273
4265280
4265287
4265346
5706812
4265413
4265338
4265318
4265368
4265429
5787387
4969059
5787389
5787394
5787382
5787392
5787391
3239770
2433292
2433204
2433202
2433274
2433263
2433201
2433190
5218765
2433271
4832228
2433160
2433170
5706823
4265282
4265288
6623367
4265392
4265414
4265324
4265390
6623373
2433295
2433279
5218763
2433281
2433216
4265350
4265435
4265408
4265407
6623366
4265356
2433333
2433324
2433326
4832174
2433299
6623370
2433214
5963042
2433283
2433261
2433194
2433188
4265370
4265410
4265380
4265387
4265439
4265339
6623372
5218751
2433228
4832198
2433164
4832176
4265411
4265374
2433311
2433332
2433268
2433223
6623380
4265355
6623357
2433309
2433317
2433148
2433257
5218761
2433294
6623363
4265442
4265398
6623376
6623377
2433234
5218768
6623365
2433308
2433264
2433147
2433235
2433213
5706811
5706810
6623383
2433156
9366
2433305
4832214
5963037
5706814
2433266
2433192
5218756
2433298
2433334
5218766
2433186
2433280
2433270
4265349
4265432
6623371
2433231
2433241
2433296
2433239
2433224
4265378
2433254
2433208
2433328
2433276
2433312
2433150
2433289
2433253
2433222
2433227
5218762
2433220
6623356
6623364
2433255
2433252
2433325
2433269
2433310
2433221
5706808
6623378
2433168
5218753
2433267
5218764
2433322
2433149
2433172
6623368
4265391
4265337
2433327
2433319
2433286
2433318
2433162
6623379
4265293
4265395
4265428
2433197
2433173
2433152
2433229
2433218
6075542
4265389
6623359
2433176
2433158
2433236
2433191
4265412
2433304
5218752
6623374
2433207
2433321
2433153
2433260
2433329
4832215
5706813
6623360
6623381
4265329
6623362
2433320
2433301
2433178
2433237
2433341
2433165
2433331
2433212
4265274
4265441
4265406
2433303
2433277
2433300
2433275
5963041
2433155
2433330
6623369
4265427
4265291
4265409
6623361
2433226
2433166
5218767
5218771
2433230
2433185
2433174
2433297
4265379
6623375
2433278
2433177
2433161
2433167
2433217
2433196
2433215
2433189
2433316
2433199
4265381
5706817
4265382
2433154
2433356
4266659
4266662
4266666
4266679
4969105
4969043
4969113
4969115
6623639
4266665
4266671
4266669
5936035
4969042
4266664
4969104
4969112
4266672
4266678
4266674
4969106
4969044
4969045
2433352
4832030
4266661
4266667
4266673
4266668
4266680
4969046
4969114
4266670
4832033
4266676
4266677
3239753
4832157
4832034
4832048
4832051
5218772
4832031
2433350
2433355
4832154
2433354
2433348
5718
2433351
4832155
4832032
2433353
6623638
6623637
3239744
2433017
4265609
4265610
4265600
4265596
5707220
5707222
4266576
4266567
4266489
4266548
5707237
4266537
4266556
4266602
4266610
4266603
4266605
4266601
5787307
5787410
5787342
3239749
2432757
5218716
5218723
2433057
2433061
4832130
4832115
4832125
4265601
6623612
4266510
4266577
4266498
5707251
5707240
5707254
5707243
4266490
4266485
4266495
4266612
4266621
4969135
5787318
5787354
5787321
5787371
5787322
5787374
6623628
2433002
2433001
2433007
4832133
2432996
4265606
4832097
4265603
5707217
5707226
4266569
4266563
5707250
5707249
4266487
4266579
4266539
4266540
4266560
4969134
5787339
2432755
2433065
5218727
4832121
5218721
2433009
4832120
4832134
2433048
5707225
5707231
5707216
5707246
4266481
4266494
4266538
4266606
4266622
4266611
4941084
5787406
5787323
5787375
5787353
6623601
2433028
5218717
5218722
2432754
2433072
2433020
4832123
4832126
2432992
4832117
4832124
4266499
4266496
5707253
4266552
4266561
4266609
5787347
5787373
5787372
5787370
5787361
5218715
5707224
2433010
5218728
5218718
5719
4832127
5816557
4832132
4832110
2433052
2433008
4265607
4265597
5707219
4266502
4266509
5707244
5707242
4266578
4266581
4266542
4266558
4266615
4941085
5936024
5936023
4969038
5787367
5787328
5787325
5787332
6623619
2433042
2433070
2433054
4832129
4832131
5218726
4832128
5218712
4265595
5707215
4266505
4266568
4266573
5707241
5707247
4266483
4266551
4266544
4266535
4266618
4266620
4266613
4969041
4969040
5787405
5787351
5787340
5787337
5787317
2433053
4832135
4832136
4832105
4265604
5707221
4266511
4266565
5707248
4266580
4266614
4969039
5787329
5787343
5787346
5787330
5787344
5787376
5787341
5787350
2433075
4832106
4265598
6623602
9365
2433013
4832098
5707234
3239742
2433012
5218724
4831794
4266543
5707228
6623623
2433062
4832114
4265593
4266504
4266600
2433079
2433060
4266500
2433074
2432988
2432990
2433004
4832099
4266564
4266607
2433018
2433015
2432991
4831793
2433006
4832107
4577158
2432994
2432995
2433005
4265594
6623605
4266572
3239750
2433019
4266604
5218711
2432993
2432989
2433049
2433025
5218710
4266547
6623616
4266536
5218714
2433055
6623620
5707238
2433051
4832096
6623615
6623621
6623622
2433077
2433066
2433058
2433011
4265592
5707236
5218720
2433026
4266484
6623614
6623629
2433076
2433027
2433014
2433064
4265602
6623611
4266507
4266562
2433000
5218719
2433078
2433016
4266555
6623609
6623627
2433069
2433003
2433068
4266493
6623603
6623618
6623626
5218709
5707232
6623606
4266508
5707239
6623625
2433023
5218713
2433059
6623418
6623604
2433067
2433050
2432756
5707214
2432753
2433056
6623417
5707233
6623608
4266488
6623419
4266503
6623416
5707218
6623607
6623610
6623613
6623624
2433071
2433073
2433022
2433024
4832100
2433063
5218725
2433021
4832144
2432752
4266549
5218708
4266492
6623617
4266616
5218667
4831991
2432952
5218690
5218661
5706975
5706982
4265671
4265709
4265693
2432775
4265628
5706969
5707078
5707032
5707017
5707001
5707034
6623461
5706990
5707062
4265743
4265740
4265750
5787452
5787471
6623431
5218633
2432824
2432842
5706978
4265702
6623446
6623426
6623421
4265646
5706962
5706964
4265737
5707009
5707000
5707021
5707014
5706997
5707066
5707031
5707053
5707051
5707015
5706996
5706985
6623471
5706994
5707019
5707003
5707071
4265741
4265744
4265613
6623427
2432835
2432793
5218648
2432801
5218674
4832005
4265730
5218669
2432827
2432969
2432948
2432984
4265734
4265706
4265688
4265686
4265689
4265624
4265632
4265713
4265641
5706968
5706970
5706988
5707056
5707075
5707002
5706991
5707037
5707036
4265752
4265754
4265745
5218701
5218658
5218646
2432930
2432975
2432852
5218647
2432918
5218626
5218666
5218631
5706980
4265673
4265700
4265690
4265697
4265726
4265643
4265642
5706959
6623449
5707048
5707039
5706983
5707038
5707058
5707077
5707040
6623477
4265751
4265749
4265612
5787449
5787472
6623432
5218636
5218691
2432955
2432850
2432934
2432849
5218663
2432822
2432803
4265623
4265687
4265698
4265691
4265699
4265625
4265647
5707006
5707069
6623469
5707074
5707024
5706992
5707046
5706999
5707079
4265748
4969136
5218679
5218692
2432843
2432778
5218671
2432976
5218630
2432796
5218698
2432820
4831975
5706973
5706979
4265695
4265705
4265630
4265638
5706954
5706953
4265649
4265736
5707033
5707067
5707065
5706989
5707064
6623474
5707028
5707068
5706984
5707044
4265742
4265723
4265721
4265718
4265717
5787466
6623451
5218705
2432956
5218684
2432958
2432960
5218650
2432935
5218694
5218680
2432841
2432981
2432973
4831997
5706981
2432844
4265710
4265704
4265724
4265725
4265633
4265635
5706957
5707043
5707027
5707081
5707045
5707010
5707018
6623430
6623450
2432795
5218699
2432853
2432938
5218703
5218706
2432943
5218675
5218656
5706974
4265708
5706952
5706951
4265644
5707050
5706986
5707013
5707030
5707061
5707012
5707073
5706987
4265614
4265722
4265720
4981109
6623447
6623476
2432854
2432985
5218641
2432838
5218643
2432790
5218662
2432971
6623437
2432804
5218638
5218649
2432921
2432966
2432954
4832015
4832020
4265684
4265739
6623463
6623441
6623448
2432780
2432977
2432936
2432963
2432983
2432798
6623440
4265615
2432931
2432845
4831983
4265703
5706971
5707082
6623464
2432833
2432826
5218657
5218672
5218651
2432831
4832016
2432980
6623459
5706998
6623455
6623434
6623439
2432961
5218681
2432937
2432848
4265634
4265716
2432916
6623428
5707023
6623433
5218640
5218665
5218652
2432964
2432941
4265627
6623475
6623442
2432799
2432933
4265712
5706961
6623435
2432932
6623429
2432797
2432776
5218670
2432950
2432965
4265637
2432830
5218700
5218707
2432783
6623466
6623438
6623445
2432837
5218685
5218664
2432940
5218654
2432979
2432851
2432970
2432840
2432832
2432800
6623423
6623465
6623470
2432802
2432847
5218704
2432779
2432785
5218689
5218677
2432967
5218655
5218628
2432946
4265711
5707057
2432794
5218668
2432786
5218639
4265672
3239718
5218632
5218660
2432944
5218673
2432922
2432846
9367
5706976
4265728
2432789
5218653
2432828
6623456
6623422
5218659
2432821
5218637
5218702
2432949
2432968
2432829
2432792
5218688
5218642
2432919
2432917
5218676
5706995
2432962
5218644
5218693
2432978
5218678
2432791
2432974
2432915
2432957
6623425
5707007
6623443
5218629
5218683
2432951
5218696
2432836
5706958
6623467
6623420
2432947
5218697
2432972
2432825
5706960
2432959
5707059
5707035
6623452
2432839
2432777
5218635
4265729
4265714
4265651
6623458
5218645
2432823
5218687
5218625
4265685
6623453
6623457
2432920
2432945
2432784
2432939
2432788
2432982
4832003
4265670
4265622
6623462
4265756
6623436
5218627
5218686
2432787
2432942
5218634
5218682
2432914
6623444
6623472
5707060
6623460
6623473
6623424
6623454
6623468
2433346
2433345
5717
2432769
2432771
5720
2432768
2432770
2433347
4832056
4832054
5707264
4969122
5448
5707263
5707256
6623634
5707269
5707255
4969121
5218615
5707274
5707260
5707277
4831782
5707276
4832029
5707265
5707273
5707267
5218607
5707261
2432739
5218612
5218609
6623631
5707266
5218616
5707268
5218611
5218613
5218614
4831974
4832055
5707257
6623630
5707262
5218618
6623632
5218610
5218608
6623633
5218617
4832161
4265192
5787306
4969064
3239704
4265197
4969133
4831790
4832164
4265194
4832162
4969120
2433357
5451
2433358
4265195
2432773
4832165
2432772
6623337
4832163
9363
4265193
2432774
3239705
5218588
5218574
4832035
2432677
4266721
4266711
4266797
4266820
4266751
4266772
4266842
4266754
4266780
4266731
6623671
4266771
4266720
6623676
4266716
4265488
5706895
5706861
5706936
5706950
5706942
5706922
5706905
5706868
5706885
4265484
5787264
5787288
6623404
2432676
5218590
2432669
4266834
4266758
4266730
4266707
4266682
4266783
4266748
4266742
4266825
4266757
4266733
4266689
4266800
4266760
4266710
4266705
5706908
5706884
5706894
5706911
5706900
5706914
5706890
5706879
4265483
4969140
4969051
5218556
5218583
4266841
4266816
4266803
4266769
4266824
4266767
4266823
4266835
4266828
4266804
4266798
4266777
4266727
4266704
4266698
4266785
4266713
4266691
4266833
4266793
4266786
4265590
5706856
5706925
5706927
5706881
5706887
5706941
4969052
4969054
5787295
6623391
6623641
6716043
5218550
2432657
5218552
2432649
5218553
4266827
4266753
4266718
4266697
4266814
4266791
4266847
4266839
4266724
4266715
4266708
4266844
4266830
6623662
4266778
4266735
4266728
4266807
6623658
5706921
5706867
5706919
5706934
5936033
4969053
6623406
5218601
2432620
2432632
2432674
5218584
5218594
2432624
4266700
4266808
4266764
4266741
4266745
4266723
4266714
4266688
4266789
4266832
4266775
4266805
4266743
4266813
4266761
4265491
4265490
4265492
5706858
5706947
5706929
5706880
5706932
5706924
5706930
5706926
5936034
4969050
2432605
2432668
5218570
5218551
5218563
5218586
2432655
2432661
4832052
2432603
4409313
2432611
4266822
4266738
4266829
4266750
4266809
4266770
4266734
4266821
4266684
4266837
4266693
4266784
4266765
4266788
4266696
4265588
5706857
5706870
5706882
5706945
5706886
5706864
5706937
5706860
5706892
9364
4969110
4969056
5707444
6623666
6623673
4969057
2432656
2432658
5218600
4831765
5816552
2432675
2432604
5218606
4266706
6623659
4266747
4266690
6623651
4266818
6623640
4266782
4266792
4266737
4266740
4266838
4265589
6623390
5706852
5706853
5706889
5706913
5706898
6623413
5706940
6623414
4969055
5218591
2432627
5218575
5218558
5218604
4266794
4266732
4266811
4266687
4266752
4266806
4266773
4266722
4266699
4266781
5706854
5706916
5706877
5706862
5706923
5706903
5706920
5706904
5706891
5706872
5706871
5706944
5706917
5706863
5706949
5936032
4969058
4969049
6623408
5218561
2432629
5218554
2432647
4832053
6623643
4266826
4266763
5706888
5706876
5706869
2432616
5218567
4266709
6623409
2432615
2432599
5218592
4831775
6623650
4266843
6623677
5706912
6623401
6623642
2432987
2432666
2432622
2432738
5218560
4831762
2432635
4831764
2432680
5706873
5706910
6623407
6623415
2432643
5218572
5218569
5218582
5218587
6623392
2432986
2432646
2432637
2432682
2432672
2432663
4266787
6623411
6623402
4266685
4266768
5706883
4265487
6623410
2432662
5218576
2432630
5218593
2432679
2432625
2432617
2432737
6623663
6623648
5706896
6623405
5218564
5218557
6623669
5218595
2432619
2432631
2432654
2432678
4266766
5706915
2432645
5218603
2432601
5218555
5449
5218568
2432642
5218585
2432600
4266686
6623394
6623412
2432621
2432650
5218598
5706907
2432670
2432634
2432653
5218581
2432633
2432626
2432609
5706865
5218562
2432613
2432614
2432610
6623675
6623657
6623399
6623403
6623400
2432667
5218571
2432618
5218602
4831763
6623647
6623656
6623649
6623645
6623668
2432602
2432598
5218599
5218573
6623667
6623652
6623396
5218596
5218565
2432628
2432623
6623397
6623653
2432640
2432664
5218580
4266683
6623672
6623395
2432651
2432681
2432612
2432636
2432597
4266681
6623646
5706909
2432652
2432638
2432671
6623654
4266846
6623644
6623661
2432644
2432648
5218578
5218579
2432639
2432641
5218577
6623665
6623674
5706893
4265485
6623393
6623655
2432660
5218559
6623670
4266796
2432673
5218605
5218597
5218566
5218589
6623664
6623660
6623398
5706839
5218622
5706838
4265448
5706835
5706841
5706837
5706833
4265266
2433342
5706851
4265268
2432758
5706834
4969128
4265449
6623389
5706849
5706846
4265264
4265269
2432760
5706845
5706836
5706842
5787378
4265451
5218624
5447
4265450
6623355
6623387
2432761
4832061
2433344
5218621
4265267
2433343
4832231
4265453
6623384
5218620
5218623
5218619
5706840
9616
2432759
6623385
6623388
6623386
2432310
2432309
5218497
5218494
2432563
5218481
2432539
2432450
2432390
5218534
5218529
5816547
4831960
4831882
4831944
5218487
2432446
2432466
5218740
2432275
5218503
5218474
4831949
4832073
4832024
4831798
4831838
4832063
4409296
5706804
5706801
6623349
4265989
4266014
4266474
4266171
5707116
5707106
5707148
5707130
5707176
5707131
5707138
5707161
5707118
5707141
5707163
5707181
5707186
4266293
4265933
4265939
4266061
4266063
4266386
4266346
4266379
4266350
4266304
4266397
4266452
4266417
4266359
4266210
4265887
4265898
4265891
6163677
4969087
4969085
4969068
5936028
5787699
5787717
5787627
5787604
6623480
6623495
6623530
6623566
6623567
6623582
2432293
2432294
2432290
2432296
2432536
2432410
2432311
5218477
5218468
2432421
5816553
4831925
4831957
4831848
2432372
4831955
4832071
2432306
4831946
2433124
5218458
4409311
5706788
5706802
4265206
4265202
4265214
4266001
4265991
4265973
4265985
4266026
4266027
4265984
5707212
5707207
4266177
5707108
5707111
5707152
5707140
5707154
5707124
5707191
4266164
4266284
4266460
4265922
4265928
6623489
4266045
4266269
4266364
4266344
4266298
4266405
4266387
4266439
4266403
4266407
4266369
4266327
4266388
4266446
4266440
4266371
4266401
4266223
4266183
4266179
4266030
4265895
6163673
4969138
4969099
4969088
4969091
4969082
4969070
4969072
4969075
4969125
4969127
4969126
5787576
5787704
5787650
5787700
5787669
5787722
5733778
6623510
6623533
6623581
6623586
5428945
2432292
4266276
5787545
5218466
5218492
5218508
2432303
2432459
5218495
2433120
4831932
4831928
4832072
2432439
5218729
2432509
5218479
2432388
5218482
5218743
2432430
2432301
2432399
2432364
5706782
4265247
4265212
4265213
4265990
4266006
4265977
4265974
4266004
4265997
5707195
5707197
5707100
4266170
5707160
5707166
5707150
4266074
5707180
5707193
4266058
4266279
4265921
4265913
4265905
4265914
4265916
4266046
4266048
4266066
4266444
6623576
4266368
4266319
4266316
4266435
4266396
4266454
4266419
4266413
4266325
4266309
4266337
4266351
4266311
4266442
4266389
4266215
4266188
4266216
4265889
6163670
4969103
4969102
4969101
4969100
4969081
4969069
4981033
4969063
4969089
4969095
4969096
5787672
5787701
5787736
6713530
6623524
6713531
2432584
2432360
2432377
2432369
2432313
5218502
2432279
2432467
2432420
2432385
5218483
4831859
4831935
2432432
2432339
5218505
5218499
5218493
2432434
2432274
4831873
5816554
5218463
2432342
2432323
2432419
4831778
5739437
4831918
4265244
5706803
5706791
5706792
4265260
4265210
6623339
4265254
4266019
4266005
4265983
4265986
4266011
4266475
5707093
5707101
4265859
5707167
5707139
5707153
5707120
5707156
5707144
4266050
5707183
5707187
5707184
4265927
4265908
4265930
4266044
4266264
4265940
6623494
2432337
4266372
4266409
4266329
4266441
4266365
4266393
6623570
4266426
4266366
4266408
4266343
4266437
4266189
4266221
4266200
4266198
4266202
4266212
5218545
4969139
4969098
4969073
5936031
5936027
4969094
5787705
5787721
5787638
5787617
5787608
5733775
6623341
6623500
6623525
6623595
2432288
2432289
2432357
2432350
2432312
5218467
5218500
5218489
5218518
5218533
4831874
5218516
2432355
2432307
2432409
5218457
2433081
4831810
2432287
2432286
2432389
4831958
4831956
5218531
2432341
2433087
5218462
4831815
4265242
5706790
5706797
5706784
4265249
4265203
4265204
6623354
4265970
4266009
4266020
4265981
4265992
4265993
4266024
4266007
5707202
4266478
4266465
5707088
5707091
5707122
5707172
5707174
5707182
4266057
4266078
4266153
4265950
4266294
6623554
4266277
4265924
4265907
4265929
4266262
4265936
4266060
4266381
4266402
4266455
4266390
4266376
4266355
4266382
6623574
4266340
4266400
4266415
4266358
4266317
4266432
4266420
4266182
4266220
4266196
4266211
4266184
4266222
4266213
4266054
4266028
4266039
4265897
4265888
2432282
5936026
4969084
4969067
5936029
5787655
5787715
5787615
5787606
5733776
6623518
2432338
2432297
2432366
2432358
2432348
2432349
2432376
2432373
2432551
5787596
4831889
5816539
4831852
2433121
4831886
5218488
5218490
2432556
5218473
2432444
4831929
4831818
2432283
4831842
4831880
4265246
5706785
5706794
4265205
4265216
4265252
4265979
4266012
4266025
4265995
4265999
4265975
5707204
5707196
4266071
4266070
5707103
5707102
4266468
4266174
5707137
5707149
5707178
4266154
4266166
4265952
4266287
4265932
4265923
4266261
4265941
4265938
4266392
4266362
4266453
4266324
4266318
4266434
4266428
4266307
4266424
4266450
6623572
4266218
4266181
4266036
4265900
4266271
6163668
5787673
2433089
4969065
4969118
5787575
5787553
5787599
5787597
5787611
5733780
5733774
6623520
6623556
2432394
2432375
2432548
2432397
2432435
2432550
5218733
4831933
5218456
2432380
2432423
2432276
2432404
2432411
5816540
5218461
2432370
2432305
2432530
5218472
2432429
4832025
4832026
4831871
2432280
4831881
4265861
4409301
5787719
5706799
5706783
4265250
4265201
5706778
5706780
4265257
5706805
4265976
4265980
4265971
4266023
4266013
4266003
4265978
4266015
5707208
5707205
4265956
4266466
5707099
5707084
4266172
5707114
5707135
5707157
5707159
5707142
5707117
5707133
4266480
5707188
4266285
4265934
4266065
4266301
4266370
4266384
4266360
4266349
4266373
4266333
4266385
6623575
6623565
4266320
4266431
4266322
4266383
4266375
6623546
4266194
4266225
4266191
4266053
4266034
4969097
4969083
4969071
4969123
4969090
4969137
5787632
5733777
5787680
5787595
5787587
5787724
5787603
5787640
5787613
6564936
6623547
2432347
2432531
2432427
2432443
5218524
5218470
5218484
4831912
2432332
4831927
4831931
4831856
4831941
5218469
5218475
5218538
4832074
4831877
2432330
2432295
5218746
5218478
2432354
5218498
2432387
2432281
5218537
2432504
2432351
2432371
2432501
4409310
4265243
5706779
4266022
4266018
6623509
5707199
5707096
5707097
5707092
5707083
5707089
5707104
4266471
5707121
5707164
5707158
4266286
4265915
4266043
4266064
4266395
4266306
4266300
4266447
4266347
4266443
4266438
4266433
4266299
4266425
4266406
4266411
4266305
4266214
4266206
4266208
4266195
4266219
4266056
4266038
4266032
6623514
4266035
4265893
4266274
6163665
5936025
4969086
4969066
4969074
4969060
5936030
4969124
4969093
4409308
5787702
6623550
6623577
6623587
4266072
2432352
2432537
2432405
5218515
2433130
2432440
2432408
2432415
2433102
5218464
4831779
6623351
6623531
2432578
6623487
6623490
6623539
6564937
6623352
6623478
6623573
2433096
2432412
5218540
3239733
2432395
2432442
5218527
5218744
5218523
4832083
2432558
4831910
4265947
5707198
4266042
6623529
5707126
4266073
4266081
4266263
4266267
4266084
4266085
6623542
4266186
4265886
6623497
6623593
2432463
4832064
2432557
2432458
2432512
2432272
2433141
2432270
2432527
2432581
2432316
2432526
4266016
4265954
4266033
6623540
6623584
3239725
2432565
2432299
2432285
2432452
5218460
5218734
2433140
2433093
2432507
4831780
4265994
4266282
4266052
6163676
6623484
6623501
6623503
6623538
4266152
2432555
2432400
2432560
2432552
2432424
2432508
2433132
5218535
4266083
5218525
5706807
4266461
4266463
4266079
4266080
4266159
4266290
6623486
4266457
6623488
6623504
6623551
2432514
2432546
2432562
2433090
5218544
5218532
2432553
2433083
2433126
2432406
2432521
4831909
2432333
6623353
6623350
5707094
4266176
4266165
4265911
4266185
6623535
2432328
2433142
2432561
5707129
2432540
5218465
2432359
2432445
2432403
4831819
4831781
4831862
2432379
4266462
4266069
5707086
4266281
4266459
4265902
4265918
4266331
6623505
6623522
2432320
2432433
2432374
2432543
2432462
2433136
2432325
2433131
2433094
2432533
2432291
2432365
2432451
2432506
2432346
2432336
5218471
6623348
4265944
4265948
5707210
4266155
6623544
4265890
6623519
6623532
6623536
6623594
4266204
4831963
5218539
2432353
4831961
5706786
4265957
4266469
4266162
4265904
4266421
4266423
6623485
6623561
6623596
4831917
2432519
5218737
2433135
4266467
2432368
5218739
2432511
2432515
5706781
5707085
4266167
4266288
4266289
4266296
4266265
4266332
6623597
9615
6623569
6623590
2432416
2432327
2432413
2432367
2433134
2432449
2432468
5218504
2432505
2432308
4266175
4266156
4265951
2432218
5428957
2432470
5218496
5218459
5218536
2433095
6623537
2432465
2432322
4831875
2432418
2432541
5218507
2432300
2432382
5218519
2432580
2433139
4832065
4265215
4265972
4266470
5707134
4266161
2432298
4266430
4266272
6623508
6623578
6623583
9368
3239724
2432455
2432461
2432361
2432402
2432516
2432503
5218530
4266077
2432324
2432524
4832080
2433101
6623599
5707109
6623498
5707194
4266157
4266280
4266295
4265862
6623568
6623564
4266205
6623555
2433103
2432428
2432401
2433091
2432438
2433133
2432523
2432448
5218741
4831883
5707090
6623481
6623534
6623541
6623549
6623563
3239721
2432393
2432381
2432302
2432392
2433119
5218476
5218455
2432529
2432431
2432564
4266260
5706789
5707203
4266283
4266297
6623496
4266209
6623512
6623571
2432577
2432363
5218738
2432518
2432391
2432277
2432398
2432315
2433086
4831907
5739445
4266472
4266169
5707175
5707170
4266082
4266158
4266268
4266314
4266367
6623545
6623499
5218547
2432414
5218501
2432510
2432426
2433122
2432542
5218736
4266275
2432273
2432582
2432343
2432454
2433137
2432534
4265949
5707110
5707125
4265910
6623516
6623579
4266391
6623513
6623543
6623560
6623580
3239720
3239722
2432576
5218745
2432441
4831969
4575774
6623342
4265946
6623552
4266477
6623558
4266342
4266341
6623591
6623493
6623523
2432331
2432271
2433125
2432318
2433092
2432464
2432417
2432502
5218735
2432386
5218731
2432334
2432304
2432284
2432538
4831799
4831808
2432317
6623346
2432528
6623479
4266338
4266427
4266199
6623511
4266273
6623347
6623557
6623588
6623592
2432216
2432579
2432314
2432437
2432278
5218491
5218732
2433082
5218548
2432326
5218742
2432532
2432422
2432345
4831878
5707128
4265953
6623562
6623548
6623340
6623507
6623528
2433105
6623521
2432425
2432513
2432396
2432520
2433084
2432457
5218730
2433138
4831817
2432269
5707087
2432340
4266224
4266029
6623553
2432384
4266394
2432447
2432319
2433085
2432535
2432453
2432469
2432545
2432407
2432344
2432321
2432517
5218480
5218543
4831962
4266270
4266017
6623506
5707211
5707209
4266067
4266292
6623482
6623483
6623343
6623585
6623589
6623600
5218521
2432544
2432378
5218485
2433088
2433080
5706796
4831891
5218549
2432525
4831839
4831850
4265901
6623344
4265259
6623526
4266163
4266160
4266291
4265926
4265920
6623492
4266266
4266323
4266348
4266178
2432335
6623502
6623559
2432362
5218526
2433123
2432329
2432460
5218542
5218522
2432559
5218528
5218486
2432522
4831809
4266479
6623345
6623338
4265945
5707213
4266464
5739436
6623491
4265935
6623598
6623515
6623517
6623527
5707287
5707285
5707278
5707281
6623635
5707279
4969047
5707280
5707286
5218750
5707289
5218748
5707283
4832090
5218749
6623636
4832091
4832093
4832089
5450
4832092
5707288
5218747
4969132
4969131
4969130