734
799
952
5447
5448
5449
5450
5451
5717
5718
5719
5720
9363
9364
9365
9366
9367
9368
9615
9616
1064526
1077082
1086652
1114387
1127504
1147090
1152024
1161894
1266025
1300208
1325868
1328335
1359682
1389655
1411509
1415386
1417846
1430239
1458943
1462253
1501452
1578136
1587282
1666204
1690322
1776978
1823714
1823714
1864584
1864584
1920812
1980556
2012522
2020796
2069271
2110337
2116149
2122073
2122073
2148668
2233074
2279062
2301718
2312541
2315269
2346492
2397970
2397970
2403398
2432216
2432218
2432218
2432218
2432218
2432218
2432218
2432269
2432269
2432270
2432271
2432272
2432273
2432274
2432275
2432276
2432278
2432278
2432279
2432280
2432281
2432281
2432282
2432283
2432284
2432285
2432286
2432291
2432292
2432293
2432295
2432296
2432298
2432299
2432300
2432301
2432302
2432303
2432304
2432305
2432306
2432307
2432308
2432308
2432308
2432308
2432308
2432308
2432308
2432309
2432310
2432311
2432312
2432313
2432314
2432315
2432316
2432317
2432317
2432318
2432319
2432320
2432321
2432322
2432323
2432324
2432326
2432326
2432327
2432328
2432329
2432329
2432330
2432330
2432331
2432332
2432333
2432333
2432334
2432334
2432334
2432335
2432336
2432337
2432338
2432339
2432340
2432341
2432342
2432343
2432343
2432343
2432343
2432344
2432345
2432345
2432345
2432345
2432345
2432346
2432346
2432347
2432348
2432349
2432350
2432351
2432352
2432353
2432354
2432355
2432355
2432357
2432358
2432359
2432359
2432361
2432362
2432363
2432364
2432365
2432366
2432367
2432368
2432369
2432371
2432372
2432373
2432374
2432375
2432376
2432377
2432378
2432379
2432379
2432380
2432380
2432381
2432382
2432382
2432384
2432384
2432384
2432384
2432384
2432384
2432384
2432385
2432386
2432387
2432388
2432388
2432388
2432389
2432391
2432392
2432394
2432395
2432395
2432395
2432396
2432397
2432398
2432399
2432400
2432400
2432401
2432402
2432403
2432404
2432405
2432406
2432407
2432408
2432409
2432410
2432411
2432412
2432413
2432414
2432415
2432416
2432417
2432417
2432418
2432419
2432420
2432421
2432422
2432424
2432425
2432426
2432427
2432428
2432428
2432429
2432429
2432429
2432430
2432431
2432431
2432432
2432433
2432434
2432435
2432435
2432437
2432438
2432439
2432440
2432441
2432442
2432443
2432443
2432444
2432445
2432446
2432448
2432449
2432450
2432451
2432452
2432453
2432454
2432455
2432455
2432457
2432458
2432459
2432459
2432459
2432460
2432461
2432462
2432463
2432464
2432466
2432467
2432467
2432467
2432468
2432469
2432470
2432501
2432501
2432503
2432504
2432505
2432506
2432507
2432508
2432509
2432510
2432511
2432512
2432513
2432514
2432515
2432515
2432516
2432517
2432518
2432519
2432520
2432521
2432522
2432523
2432524
2432525
2432526
2432527
2432528
2432528
2432529
2432531
2432532
2432533
2432534
2432534
2432535
2432536
2432537
2432538
2432539
2432540
2432541
2432542
2432543
2432543
2432544
2432546
2432546
2432546
2432546
2432546
2432550
2432551
2432552
2432553
2432553
2432555
2432557
2432558
2432559
2432560
2432560
2432561
2432562
2432562
2432562
2432563
2432564
2432565
2432565
2432565
2432565
2432576
2432577
2432577
2432578
2432579
2432580
2432580
2432581
2432582
2432584
2432584
2432597
2432598
2432599
2432600
2432601
2432602
2432603
2432604
2432605
2432605
2432609
2432610
2432611
2432611
2432611
2432611
2432611
2432611
2432611
2432611
2432612
2432613
2432614
2432615
2432616
2432617
2432618
2432619
2432620
2432621
2432622
2432623
2432624
2432625
2432625
2432626
2432627
2432628
2432629
2432630
2432631
2432632
2432633
2432634
2432635
2432636
2432637
2432637
2432639
2432639
2432639
2432639
2432639
2432639
2432639
2432640
2432641
2432641
2432642
2432643
2432645
2432646
2432647
2432648
2432649
2432650
2432651
2432652
2432654
2432655
2432656
2432657
2432658
2432658
2432660
2432661
2432662
2432663
2432664
2432664
2432666
2432667
2432668
2432669
2432670
2432671
2432672
2432673
2432674
2432674
2432675
2432676
2432677
2432678
2432679
2432680
2432681
2432682
2432737
2432737
2432738
2432739
2432739
2432739
2432752
2432752
2432753
2432754
2432755
2432756
2432757
2432758
2432758
2432758
2432759
2432760
2432761
2432761
2432761
2432761
2432768
2432768
2432769
2432770
2432771
2432772
2432772
2432772
2432773
2432774
2432775
2432776
2432777
2432778
2432779
2432780
2432780
2432780
2432780
2432780
2432780
2432780
2432783
2432784
2432785
2432786
2432787
2432788
2432789
2432790
2432791
2432793
2432794
2432794
2432796
2432797
2432798
2432799
2432800
2432801
2432802
2432803
2432804
2432804
2432804
2432804
2432804
2432804
2432804
2432820
2432820
2432820
2432821
2432822
2432823
2432824
2432825
2432826
2432827
2432828
2432829
2432830
2432831
2432832
2432832
2432833
2432835
2432836
2432836
2432836
2432836
2432836
2432836
2432837
2432837
2432837
2432838
2432839
2432840
2432841
2432842
2432843
2432845
2432846
2432847
2432848
2432849
2432850
2432851
2432852
2432853
2432854
2432854
2432854
2432854
2432914
2432915
2432915
2432916
2432916
2432917
2432918
2432919
2432920
2432920
2432921
2432922
2432931
2432933
2432934
2432935
2432936
2432937
2432938
2432939
2432940
2432940
2432941
2432942
2432943
2432944
2432945
2432946
2432946
2432946
2432946
2432946
2432947
2432948
2432949
2432950
2432951
2432952
2432952
2432954
2432955
2432956
2432957
2432958
2432959
2432961
2432962
2432963
2432964
2432965
2432966
2432967
2432968
2432968
2432969
2432970
2432971
2432972
2432974
2432975
2432976
2432977
2432978
2432979
2432980
2432981
2432982
2432983
2432984
2432985
2432986
2432986
2432987
2432988
2432989
2432990
2432991
2432992
2432993
2432994
2432995
2432996
2433000
2433000
2433001
2433002
2433003
2433004
2433005
2433006
2433007
2433008
2433008
2433008
2433008
2433008
2433008
2433008
2433009
2433010
2433011
2433012
2433013
2433014
2433015
2433016
2433017
2433018
2433019
2433020
2433021
2433021
2433022
2433023
2433024
2433025
2433026
2433026
2433026
2433027
2433028
2433028
2433042
2433042
2433042
2433048
2433048
2433049
2433050
2433052
2433053
2433054
2433055
2433056
2433057
2433057
2433058
2433058
2433059
2433060
2433061
2433062
2433063
2433064
2433065
2433065
2433065
2433065
2433066
2433067
2433069
2433072
2433075
2433076
2433079
2433080
2433082
2433083
2433083
2433084
2433084
2433084
2433084
2433086
2433087
2433088
2433089
2433090
2433091
2433092
2433093
2433094
2433094
2433095
2433096
2433096
2433101
2433102
2433103
2433105
2433119
2433119
2433120
2433121
2433122
2433123
2433124
2433125
2433126
2433126
2433130
2433131
2433132
2433133
2433134
2433135
2433136
2433138
2433139
2433139
2433140
2433141
2433142
2433147
2433148
2433149
2433150
2433150
2433152
2433153
2433154
2433155
2433156
2433157
2433158
2433159
2433160
2433161
2433162
2433163
2433164
2433165
2433166
2433167
2433168
2433170
2433171
2433172
2433172
2433172
2433172
2433172
2433173
2433174
2433174
2433174
2433175
2433176
2433177
2433178
2433179
2433179
2433181
2433181
2433185
2433185
2433186
2433187
2433188
2433189
2433190
2433191
2433191
2433191
2433191
2433192
2433193
2433194
2433195
2433196
2433197
2433199
2433199
2433199
2433199
2433200
2433201
2433202
2433203
2433204
2433205
2433206
2433207
2433208
2433212
2433213
2433214
2433215
2433216
2433217
2433218
2433219
2433220
2433221
2433222
2433223
2433224
2433225
2433226
2433227
2433228
2433229
2433230
2433231
2433231
2433234
2433235
2433236
2433237
2433238
2433239
2433240
2433241
2433241
2433241
2433252
2433253
2433254
2433255
2433256
2433257
2433258
2433258
2433258
2433258
2433258
2433259
2433260
2433261
2433262
2433263
2433264
2433265
2433266
2433267
2433268
2433269
2433270
2433270
2433271
2433272
2433273
2433274
2433275
2433276
2433277
2433278
2433279
2433280
2433281
2433282
2433283
2433283
2433283
2433283
2433283
2433284
2433285
2433286
2433287
2433289
2433290
2433292
2433293
2433294
2433294
2433295
2433296
2433297
2433297
2433298
2433299
2433299
2433299
2433300
2433301
2433302
2433303
2433303
2433304
2433305
2433306
2433307
2433308
2433309
2433310
2433311
2433312
2433312
2433312
2433312
2433316
2433317
2433318
2433319
2433320
2433321
2433322
2433322
2433322
2433323
2433324
2433325
2433327
2433328
2433329
2433330
2433332
2433333
2433334
2433340
2433340
2433341
2433342
2433342
2433342
2433343
2433344
2433345
2433345
2433346
2433347
2433348
2433350
2433350
2433350
2433351
2433351
2433351
2433351
2433352
2433352
2433353
2433354
2433355
2433356
2433357
2433358
2436405
2438117
2440826
2443715
2448817
2475109
2475109
2475457
3238534
3239704
3239705
3239705
3239718
3239721
3239722
3239724
3239725
3239733
3239744
3239749
3239753
3239770
3240137
3240730
3241682
3241766
3241830
3241857
3241914
3242046
3242178
3242435
3242458
3242460
3242528
3242622
3242691
3242765
3242794
3242993
3242995
3243426
3243561
3243930
3244393
3244623
3245644
3245752
3246970
3248151
3248843
3248930
3249183
3250216
3250828
3252113
3252739
3252753
3253238
3253656
3253756
3253792
3254318
3256138
3256436
3257296
3257454
3258648
3259188
3259193
3260725
3260832
3261116
3261545
3261600
3262305
3262690
3264017
3264236
3266087
3266994
3267691
3268080
3268146
4265193
4265194
4265195
4265197
4265202
4265210
4265212
4265214
4265215
4265216
4265247
4265249
4265264
4265266
4265267
4265268
4265269
4265272
4265273
4265274
4265275
4265276
4265279
4265284
4265285
4265287
4265289
4265291
4265292
4265293
4265294
4265296
4265299
4265300
4265301
4265312
4265314
4265315
4265316
4265318
4265319
4265320
4265321
4265323
4265324
4265325
4265327
4265328
4265329
4265331
4265334
4265336
4265337
4265339
4265340
4265341
4265343
4265344
4265345
4265346
4265348
4265350
4265351
4265354
4265355
4265356
4265361
4265365
4265366
4265367
4265368
4265370
4265371
4265374
4265378
4265378
4265379
4265380
4265381
4265382
4265383
4265385
4265386
4265387
4265390
4265392
4265394
4265395
4265396
4265398
4265401
4265403
4265404
4265406
4265408
4265409
4265410
4265414
4265424
4265426
4265427
4265428
4265433
4265435
4265441
4265442
4265443
4265444
4265445
4265449
4265450
4265453
4265484
4265485
4265487
4265488
4265491
4265492
4265589
4265590
4265592
4265593
4265594
4265595
4265596
4265598
4265600
4265601
4265602
4265604
4265606
4265610
4265615
4265623
4265624
4265625
4265628
4265630
4265632
4265633
4265635
4265637
4265641
4265643
4265644
4265647
4265649
4265670
4265671
4265672
4265673
4265684
4265685
4265690
4265698
4265703
4265704
4265708
4265710
4265711
4265712
4265713
4265714
4265714
4265716
4265725
4265729
4265730
4265734
4265739
4265740
4265741
4265742
4265743
4265749
4265751
4265752
4265754
4265861
4265862
4265889
4265890
4265891
4265895
4265900
4265901
4265904
4265910
4265921
4265923
4265935
4265944
4265944
4265945
4265946
4265949
4265951
4265952
4265954
4265956
4265957
4265971
4265973
4265974
4265979
4265980
4265983
4265985
4265990
4265992
4265994
4265995
4265997
4265999
4266001
4266003
4266005
4266006
4266009
4266011
4266014
4266015
4266016
4266017
4266018
4266019
4266020
4266022
4266025
4266027
4266033
4266036
4266042
4266043
4266044
4266052
4266053
4266056
4266060
4266061
4266063
4266065
4266066
4266067
4266072
4266073
4266074
4266077
4266079
4266081
4266081
4266082
4266083
4266084
4266085
4266152
4266153
4266154
4266155
4266156
4266158
4266159
4266160
4266162
4266164
4266165
4266170
4266171
4266172
4266175
4266176
4266178
4266179
4266182
4266183
4266188
4266189
4266194
4266195
4266196
4266199
4266200
4266204
4266205
4266208
4266209
4266213
4266214
4266218
4266221
4266223
4266224
4266260
4266260
4266261
4266261
4266262
4266262
4266263
4266263
4266264
4266264
4266265
4266265
4266267
4266267
4266269
4266270
4266271
4266272
4266273
4266274
4266275
4266275
4266280
4266285
4266288
4266289
4266290
4266295
4266296
4266300
4266301
4266304
4266306
4266307
4266309
4266311
4266314
4266316
4266318
4266322
4266323
4266324
4266325
4266327
4266329
4266331
4266333
4266337
4266341
4266343
4266346
4266348
4266349
4266350
4266351
4266355
4266358
4266359
4266360
4266364
4266366
4266367
4266371
4266372
4266376
4266381
4266382
4266383
4266384
4266386
4266389
4266391
4266392
4266394
4266400
4266407
4266411
4266420
4266423
4266426
4266427
4266430
4266432
4266435
4266437
4266438
4266442
4266443
4266444
4266446
4266452
4266453
4266454
4266455
4266457
4266460
4266461
4266463
4266464
4266465
4266466
4266467
4266468
4266469
4266469
4266469
4266470
4266470
4266472
4266472
4266474
4266475
4266478
4266479
4266480
4266480
4266480
4266488
4266489
4266492
4266493
4266494
4266495
4266496
4266498
4266500
4266503
4266504
4266507
4266508
4266510
4266535
4266536
4266543
4266555
4266556
4266562
4266563
4266564
4266567
4266568
4266569
4266572
4266573
4266576
4266601
4266602
4266604
4266606
4266607
4266610
4266612
4266613
4266614
4266615
4266616
4266620
4266621
4266659
4266661
4266662
4266667
4266668
4266672
4266676
4266678
4266682
4266683
4266684
4266685
4266686
4266687
4266688
4266689
4266690
4266693
4266696
4266697
4266700
4266704
4266708
4266709
4266713
4266716
4266718
4266720
4266721
4266731
4266733
4266734
4266738
4266740
4266743
4266750
4266752
4266753
4266758
4266761
4266763
4266764
4266766
4266768
4266769
4266770
4266772
4266773
4266777
4266780
4266788
4266789
4266796
4266798
4266800
4266805
4266809
4266811
4266813
4266818
4266820
4266822
4266823
4266825
4266827
4266828
4266829
4266832
4266834
4266837
4266841
4266843
4266846
4266847
4409296
4409301
4409308
4409308
4409308
4409308
4409310
4577158
4831762
4831765
4831776
4831777
4831778
4831779
4831780
4831781
4831782
4831783
4831785
4831793
4831794
4831798
4831799
4831800
4831808
4831809
4831810
4831815
4831817
4831819
4831838
4831839
4831850
4831856
4831859
4831862
4831875
4831878
4831880
4831881
4831883
4831891
4831907
4831909
4831912
4831917
4831918
4831925
4831929
4831931
4831932
4831946
4831956
4831961
4831963
4831974
4831997
4832016
4832020
4832023
4832024
4832025
4832026
4832027
4832028
4832030
4832031
4832032
4832033
4832034
4832035
4832035
4832048
4832051
4832052
4832053
4832054
4832055
4832056
4832061
4832062
4832063
4832064
4832065
4832080
4832083
4832091
4832098
4832099
4832100
4832107
4832115
4832117
4832129
4832144
4832154
4832155
4832157
4832161
4832162
4832163
4832164
4832165
4832172
4832174
4832176
4832188
4832189
4832190
4832192
4832193
4832197
4832212
4832214
4832215
4832216
4832228
4832231
4969038
4969039
4969042
4969044
4969045
4969046
4969047
4969048
4969049
4969050
4969051
4969052
4969053
4969054
4969055
4969056
4969058
4969059
4969060
4969063
4969064
4969065
4969067
4969070
4969073
4969074
4969075
4969081
4969085
4969086
4969087
4969089
4969090
4969091
4969094
4969095
4969096
4969097
4969098
4969099
4969101
4969102
4969104
4969105
4969106
4969110
4969112
4969113
4969115
4969117
4969118
4969120
4969121
4969123
4969124
4969125
4969126
4969127
4969128
4969129
4969130
4969131
4969132
4969133
4969134
4969135
4969136
4969137
4969138
4969139
4969140
4981033
4981109
5008129
5218455
5218457
5218458
5218458
5218460
5218462
5218463
5218464
5218465
5218466
5218467
5218468
5218470
5218471
5218472
5218473
5218474
5218475
5218475
5218475
5218475
5218476
5218477
5218478
5218478
5218479
5218481
5218482
5218483
5218484
5218485
5218486
5218486
5218486
5218486
5218488
5218488
5218488
5218489
5218490
5218491
5218492
5218493
5218494
5218495
5218496
5218497
5218498
5218499
5218499
5218500
5218502
5218503
5218504
5218504
5218505
5218507
5218508
5218508
5218515
5218516
5218516
5218518
5218518
5218519
5218521
5218521
5218521
5218522
5218523
5218523
5218524
5218525
5218526
5218527
5218528
5218528
5218528
5218529
5218530
5218531
5218532
5218533
5218535
5218536
5218537
5218538
5218539
5218540
5218540
5218543
5218544
5218545
5218547
5218548
5218549
5218550
5218553
5218553
5218553
5218554
5218555
5218555
5218555
5218556
5218557
5218558
5218559
5218559
5218559
5218559
5218559
5218560
5218561
5218561
5218561
5218561
5218561
5218562
5218564
5218565
5218565
5218565
5218566
5218566
5218566
5218567
5218568
5218569
5218570
5218571
5218572
5218573
5218574
5218575
5218576
5218577
5218578
5218579
5218580
5218581
5218582
5218583
5218584
5218586
5218587
5218587
5218588
5218589
5218591
5218592
5218593
5218594
5218595
5218596
5218597
5218598
5218599
5218600
5218600
5218601
5218602
5218603
5218604
5218605
5218606
5218606
5218607
5218608
5218609
5218610
5218611
5218612
5218613
5218613
5218614
5218615
5218616
5218617
5218618
5218619
5218620
5218621
5218622
5218622
5218623
5218624
5218624
5218625
5218626
5218626
5218627
5218628
5218629
5218631
5218632
5218633
5218634
5218635
5218635
5218636
5218637
5218640
5218640
5218641
5218642
5218642
5218642
5218642
5218642
5218643
5218644
5218644
5218644
5218644
5218644
5218644
5218644
5218645
5218645
5218646
5218647
5218647
5218648
5218649
5218650
5218651
5218652
5218653
5218654
5218655
5218656
5218657
5218659
5218660
5218662
5218662
5218662
5218662
5218662
5218662
5218663
5218664
5218665
5218666
5218667
5218668
5218669
5218670
5218671
5218672
5218673
5218674
5218675
5218676
5218677
5218678
5218679
5218680
5218681
5218681
5218681
5218681
5218682
5218683
5218684
5218686
5218687
5218688
5218689
5218689
5218690
5218691
5218692
5218694
5218694
5218696
5218697
5218698
5218700
5218701
5218703
5218704
5218706
5218707
5218708
5218708
5218709
5218710
5218710
5218711
5218712
5218715
5218716
5218717
5218719
5218719
5218720
5218721
5218722
5218723
5218724
5218725
5218726
5218727
5218728
5218729
5218730
5218731
5218732
5218733
5218734
5218735
5218736
5218737
5218738
5218739
5218740
5218741
5218742
5218743
5218744
5218745
5218745
5218746
5218747
5218748
5218749
5218749
5218750
5218751
5218752
5218753
5218755
5218756
5218757
5218758
5218759
5218760
5218761
5218762
5218763
5218765
5218766
5218768
5218770
5218771
5218772
5218772
5428945
5428957
5428957
5429070
5706780
5706781
5706782
5706783
5706784
5706786
5706790
5706794
5706796
5706799
5706801
5706802
5706808
5706810
5706811
5706813
5706814
5706815
5706817
5706821
5706823
5706832
5706833
5706834
5706835
5706838
5706840
5706842
5706846
5706849
5706851
5706862
5706863
5706864
5706868
5706869
5706870
5706871
5706872
5706873
5706876
5706877
5706880
5706887
5706888
5706890
5706892
5706893
5706894
5706896
5706898
5706900
5706904
5706909
5706909
5706912
5706913
5706914
5706915
5706916
5706917
5706923
5706926
5706929
5706936
5706937
5706941
5706944
5706949
5706950
5706952
5706954
5706959
5706961
5706970
5706971
5706979
5706981
5706982
5706983
5706984
5706986
5706995
5707001
5707003
5707007
5707015
5707017
5707018
5707019
5707021
5707023
5707024
5707027
5707028
5707032
5707035
5707036
5707037
5707039
5707043
5707045
5707046
5707050
5707057
5707058
5707059
5707060
5707061
5707065
5707066
5707068
5707078
5707079
5707081
5707082
5707085
5707087
5707088
5707090
5707090
5707094
5707102
5707109
5707114
5707118
5707120
5707121
5707125
5707128
5707129
5707130
5707134
5707137
5707150
5707152
5707157
5707159
5707160
5707166
5707170
5707174
5707175
5707178
5707180
5707181
5707186
5707188
5707191
5707194
5707195
5707196
5707197
5707198
5707202
5707203
5707204
5707205
5707207
5707208
5707209
5707211
5707213
5707214
5707215
5707216
5707218
5707228
5707232
5707237
5707238
5707239
5707240
5707243
5707244
5707247
5707248
5707250
5707253
5707255
5707262
5707263
5707264
5707266
5707268
5707269
5707277
5707278
5707280
5707281
5707285
5707286
5707287
5707288
5707288
5707289
5707444
5733774
5733775
5733776
5733777
5739436
5739437
5739445
5787264
5787288
5787295
5787306
5787307
5787318
5787318
5787321
5787323
5787323
5787325
5787325
5787330
5787332
5787332
5787332
5787337
5787339
5787342
5787343
5787344
5787346
5787347
5787347
5787351
5787353
5787354
5787354
5787361
5787361
5787361
5787367
5787370
5787372
5787374
5787375
5787376
5787378
5787381
5787383
5787384
5787385
5787386
5787387
5787388
5787389
5787390
5787391
5787392
5787393
5787394
5787405
5787406
5787410
5787449
5787452
5787466
5787471
5787472
5787545
5787553
5787575
5787576
5787596
5787599
5787603
5787604
5787608
5787613
5787613
5787615
5787627
5787632
5787638
5787638
5787650
5787655
5787669
5787672
5787673
5787680
5787699
5787700
5787701
5787702
5787704
5787705
5787715
5787717
5787719
5787719
5787721
5787722
5787724
5787736
5816540
5816547
5816554
5936023
5936024
5936025
5936027
5936028
5936030
5936034
5963037
5963037
5963037
5963038
5963039
5963039
5963041
5963042
6006892
6006911
6007403
6008153
6008237
6075541
6075542
6075543
6100703
6163665
6163668
6163668
6163670
6163670
6163673
6163673
6564936
6564936
6564937
6586700
6597630
6597929
6623337
6623339
6623342
6623343
6623344
6623345
6623346
6623348
6623351
6623353
6623356
6623357
6623358
6623360
6623362
6623364
6623365
6623366
6623369
6623371
6623373
6623374
6623375
6623376
6623380
6623383
6623384
6623385
6623386
6623390
6623392
6623393
6623397
6623398
6623399
6623400
6623402
6623403
6623404
6623407
6623408
6623409
6623411
6623413
6623414
6623415
6623417
6623418
6623421
6623422
6623426
6623426
6623427
6623428
6623429
6623433
6623434
6623435
6623438
6623440
6623442
6623444
6623446
6623448
6623450
6623451
6623452
6623452
6623452
6623454
6623463
6623465
6623466
6623467
6623470
6623473
6623479
6623482
6623484
6623486
6623487
6623489
6623490
6623494
6623494
6623494
6623497
6623498
6623503
6623504
6623505
6623506
6623509
6623510
6623511
6623518
6623519
6623520
6623521
6623523
6623524
6623525
6623526
6623529
6623531
6623533
6623536
6623537
6623537
6623539
6623539
6623539
6623540
6623542
6623543
6623544
6623546
6623549
6623550
6623551
6623552
6623554
6623555
6623556
6623557
6623558
6623560
6623561
6623562
6623563
6623565
6623566
6623567
6623568
6623569
6623570
6623571
6623572
6623574
6623576
6623577
6623578
6623581
6623582
6623583
6623585
6623586
6623587
6623588
6623591
6623591
6623591
6623591
6623593
6623596
6623600
6623606
6623613
6623614
6623614
6623617
6623619
6623620
6623622
6623623
6623626
6623627
6623628
6623630
6623631
6623632
6623635
6623636
6623638
6623639
6623642
6623645
6623647
6623648
6623649
6623650
6623651
6623652
6623652
6623654
6623654
6623656
6623661
6623666
6623668
6623669
6623673
6705268