	0001-6616	0003-0082	0006-324X	0008-347X	0013-872X	0013-8746	0013-8797	0013-8908	0022-2933	0022-3360	0022-3395	0024-0672	0028-7199	0030-5316	0031-0239	0031-031X	0031-0603	0035-1814	0035-418X	0037-9271	0037-928X	0044-5134	0044-5231	0044-586X	0045-8511	0096-3801	0165-5752	0323-6145	0367-1445	0370-047X	0370-2774	0374-5481	0454-6296	1000-0739	1000-7482	1148-8425	1175-5326
1750	0	0	0	0	0	0	0	0	0	0	0	0	0	0	0	0	0	0	0	0	0	0	0	0	0	0	0	0	0	0	0	0	0	0	0	0	0
1760	0	0	0	0	0	0	0	0	0	0	0	0	0	0	0	0	0	0	0	0	0	0	0	0	0	0	0	0	0	0	0	0	0	0	0	0	0
1770	0	0	0	0	0	0	0	0	0	0	0	0	0	0	0	0	0	0	0	0	0	0	0	0	0	0	0	0	0	0	0	0	0	0	0	0	0
1780	0	0	0	0	0	0	0	0	0	0	0	0	0	0	0	0	0	0	0	0	0	0	0	0	0	0	0	0	0	0	0	0	0	0	0	0	0
1790	0	0	0	0	0	0	0	0	0	0	0	0	0	0	0	0	0	0	0	0	0	0	0	0	0	0	0	0	0	0	0	0	0	0	0	0	0
1800	0	0	0	0	0	0	0	0	0	0	0	0	0	0	0	0	0	0	0	0	0	0	0	0	0	0	0	0	0	0	0	0	0	0	0	0	0
1810	0	0	0	0	0	0	0	0	0	0	0	0	0	0	0	0	0	0	0	0	0	0	0	0	0	0	0	0	0	0	0	0	0	0	0	0	0
1820	0	0	0	0	0	0	0	0	0	0	0	0	0	0	0	0	0	0	0	0	0	0	0	0	0	0	0	0	0	0	0	0	0	0	0	0	0
1830	0	0	0	0	0	0	0	0	0	0	0	0	0	0	0	0	0	0	0	0	0	0	0	0	0	0	0	0	0	0	0	0	0	0	0	0	0
1840	0	0	0	0	0	0	0	0	0	0	0	0	0	0	0	0	0	0	0	0	0	0	0	0	0	0	0	0	0	0	0	0	0	0	0	0	0
1850	0	0	0	0	0	0	0	0	0	0	0	0	0	0	0	0	0	0	0	0	0	0	0	0	0	0	0	0	0	0	1	0	0	0	0	0	0
1860	0	0	0	0	0	0	0	31	0	0	0	0	0	0	0	0	0	0	0	27	10	0	0	0	0	0	0	49	0	0	123	134	0	0	0	0	0
1870	0	0	0	22	0	0	0	124	0	0	0	0	0	0	0	0	0	0	0	84	77	0	8	0	0	13	0	92	0	62	314	333	0	0	0	0	0
1880	0	0	8	28	0	0	1	50	0	0	0	0	0	0	0	0	0	0	0	72	82	0	67	0	1	192	0	131	0	124	257	303	0	0	0	0	0
1890	0	0	23	57	28	0	19	11	0	1	0	0	26	0	0	0	0	0	23	67	77	0	114	0	0	149	0	122	0	92	188	339	0	0	0	39	0
1900	0	0	81	128	99	7	65	0	1	0	0	0	58	0	0	0	0	0	57	64	76	0	304	0	0	235	0	179	0	63	137	384	0	0	0	146	0
1910	0	0	138	254	270	54	138	85	0	0	34	22	101	0	0	0	0	0	69	93	396	0	231	0	1	333	0	140	0	105	123	495	0	0	0	156	0
1920	0	217	133	271	184	89	181	125	0	0	100	41	79	0	0	0	105	37	48	61	322	0	370	0	16	294	0	182	0	139	115	727	0	0	0	169	0
1930	0	309	153	175	92	142	130	115	0	175	149	52	67	0	0	0	168	270	68	50	256	1	673	0	63	152	0	53	0	77	108	585	0	0	0	117	0
1940	0	226	204	125	116	139	164	111	0	300	162	36	63	0	0	0	131	115	28	21	130	0	166	0	77	98	0	13	24	64	49	389	0	0	0	118	0
1950	77	289	190	115	125	115	181	111	0	445	256	51	44	0	26	12	150	419	35	29	178	103	218	19	88	90	0	0	123	60	77	429	28	0	0	184	0
1960	100	151	245	254	154	198	251	64	64	483	311	83	65	54	157	276	161	362	35	121	187	265	247	317	147	140	0	25	221	67	39	254	65	53	0	293	0
1970	89	96	429	333	123	193	352	72	168	124	359	149	70	393	168	223	208	185	286	220	272	676	160	243	116	0	5	28	360	50	0	0	158	69	20	68	0
1980	474	140	694	200	89	140	421	108	341	516	161	130	147	155	171	269	213	0	455	175	170	853	39	223	160	0	206	110	407	56	0	0	311	876	470	0	0
1990	231	177	571	140	121	93	451	33	397	578	193	194	184	138	203	164	97	0	337	161	318	461	65	224	173	0	360	96	368	23	0	0	337	873	549	0	0
2000	134	267	446	123	253	202	553	85	679	603	484	246	106	238	363	456	132	0	342	158	361	373	45	155	278	0	394	72	277	23	0	0	145	1165	409	0	4761
2010	18	55	39	28	22	56	47	18	172	109	109	20	0	57	95	42	23	0	61	68	69	66	15	28	50	0	109	26	21	3	0	0	9	342	60	0	3473

