4987240
4987242
4987252
4987253
4987261
4987276
4987285
4987294
4987298
4987300
4987302
4987303
4987304
4987307
4987308
4987315
4987317
4987318
4987319
4987320
4987321
4987322
4987337
4987338
4987340
4987341
4987344
4987345
4987346
4987348
4987354
4987356
4987358
4987365
4987366
4987371
4987375
4987378
4987379
4987381
4987384
4987386
4987387
4987388
4987389
4987391
4987400
4987401
4987403
4987404
4987405
4987406
4987409
4987410
4987411
4987412
4987413
4987414
4987415
4987416
4987417
4987418
4987419
4987426
4987427
4987428
4987430
4987431
4987436
4987438
4987439
4987441
4987442
4987443
4987444
4987445
4987446
4987447
4987448
4987450
4987462
4987468
4987469
4987470
4987471
4987472
4987473
4987474
4987475
4987477
4987478
4987480
4987500
4987506
4987507
4987508
4987509
4987516
4987517
4987518
4987519
4987522
4987523
4987531
4987533
4987534
4987535
4987536
4987537
4987538
4987541
4987543
4987552
4987553
4987554
4987555
4987558
4987560
4987573
4987575
4987577
4987578
4987579
4987584
4987585
4987586
4987587
4987591
4987592
4987593
4987594
4987596
4987597
4987599
4987600
4987608
4987610
4987612
4987617
4987622
4987623
4987625
4987628
4987635
4987637
4987640
4987642
4987644
4987651
4987661
4987662
4987663
4987664
4987667
4987671
4987689
4987698
4987701
4987707
4987714
4987715
4987719
4987727
4987729
4987751
4987752
4987755
4987757
4987775
4987776
4987777
4987788
4987789
4987792
4987794
4987795
4987798
4987799
4987800
4987803
4987804
4987817
4987834
4987838
4987842
4987843
4987844
4987845
4987854
4987864
4987865
4987870
4987871
4987872
4987874
4987877
4987878
4987879
4987880
4987885
4987908
4987910
4987911
4987914
4987915
4987916
4987917
4987918
4987920
4987921
4987922
4987924
4987925
4987926
4987927
4987934
4987939
4987944
4987945
4987946
4987949
4987951
4987953
4987967
4987968
4987970
4987972
4987974
4987975
4987977
4987978
4987979
4987980
4987982
4987983
4987984
4987985
4987987
4987989
4987991
4987992
4987993
4987994
4987995
4987996
4987997
4987998
4988000
4988001
4988002
4988003
4988004
4988005
4988006
4988007
4988008
4988009
4988010
4988011
4988012
4988013
4988014
4988015
4988018
4988022
4988024
4988030
4988031
4988032
4988039
4988045
4988046
4988061
4988062
4988063
4988064
4988065
4988066
4988067
4988068
4988069
4988070
4988071
4988073
4988074
4988078
4988079
4988080
4988081
4988085
4988086
4988087
4988088
4988089
4988093
4988094
4988095
4988096
4988097
4988098
4988106
4988107
4988110
4988111
4988112
4988113
4988115
4988120
4988121
4988122
4988123
4988125
4988126
4988127
4988129
4988132
4988142
4988152
4988153
4988155
4988157
4988158
4988159
4988165
4988166
4988167
4988169
4988170
4988180
4988184
4988185
4988190
4988193
4988197
4988198
4988199
4988202
4988206
4988209
4988211
4988215
4988218
4988223
4988225
4988227
4988229
4988232
4988234
4988236
4988238
4988240
4988243
4988246
4988248
4988250
4988252
4988254
4988256
4988258
4988260
4988262
4988263
4988264
4988266
4988267
4988270
4988271
4988295
4988296
4988298
4988299
4988300
4988305
4988311
4988312
4988315
4988318
4988323
4988327
4988328
4988329
4988330
4988331
4988333
4988334
4988335
4988336
4988337
4988338
4988339
4988340
4988341
4988342
4988343
4988344
4988345
4988346
4988347
4988348
4988349
4988350
4988352
4988353
4988359
4988360
4988361
4988363
4988365
4988367
4988368
4988369
4988371
4988388
4988389
4988390
4988405
4988406
4988407
4988408
4988409
4988415
4988416
4988418
4988420
4988421
4988422
4988423
4988424
4988425
4988426
4988427
4988428
4988429
4988430
4988431
4988432
4988433
4988435
4988437
4988439
4988441
4988442
4988443
4988444
4988445
4988448
4988449
4988450
4988451
4988452
4988453
4988454
4988455
4988456
4988457
4988458
4988459
4988460
4988461
4988462
4988463
4988464
4988466
4988467
4988470
4988473
4988474
4988475
4988492
4988497
4988498
4988499
4988501
4988503
4988508
4988509
4988511
4988512
4988515
4988517
4988518
4988519
4988520
4988521
4988522
4988523
4988524
4988525
4988526
4988527
4988533
4988549
4988562
4988564
4988566
4988568
4988574
4988575
4988576
4988578
4988579
4988583
4988584
4988585
4988592
4988605
4988606
4988611
4988612
4988613
4988614
4988615
4988616
4988623
4988624
4988625
4988628
4988629
4988630
4988632
4988633
4988634
4988636
4988637
4988638
4988640
4988641
4988642
4988643
4988644
4988645
4988653
4988654
4988656
4988660
4988663
4988668
4988670
4988675
4988676
4988677
4988684
4988685
4988687
4988691
4988693
4988695
4988696
4988704
4988705
4988706
4988707
4988711
4988713
4988715
4988717
4988719
4988721
4988723
4988726
4988728
4988730
4988735
4988737
4988739
4988741
4988742
4988743
4988744
4988745
4988747
4988748
4988749
4988751
4988752
4988753
4988754
4988755
4988756
4988757
4988758
4988759
4988760
4988764
4988765
4988766
4988768
4988770
4988772
4988774
4988775
4988776
4988778
4988779
4988780
4988781
4988782
4988783
4988784
4988787
4988789
4988790
4988791
4988793
4988794
4988795
4988796
4988797
4988798
4988800
4988801
4988803
4988805
4988807
4988809
4988810
4988812
4988813
4988814
4988815
4988816
4988817
4988818
4988819
4988820
4988821
4988822
4988823
4988824
4988825
4988826
4988827
4988828
4988829
4988830
4988831
4988832
4988833
4988834
4988835
4988836
4988837
4988838
4988839
4988840
4988841
4988842
4988843
4988844
4988845
4988846
4988847
4988848
4988849
4988850
4988851
4988852
4988853
4988855
4988857
4988859
4988861
4988862
4988863
4988864
4988874
4988876
4988879
4988883
4988890
4988896
4988897
4988898
4988899
4988900
4988903
4988905
4988906
4988907
4988910
4988912
4988913
4988914
4988915
4988917
4988918
4988919
4988920
4988921
4988922
4988923
4988924
4988925
4988929
4988931
4988933
4988934
4988935
4988945
4988948
4988957
4988959
4988960
4988961
4988962
4988966
4988967
4988968
4988969
4988970
4988971
4988972
4988974
4988975
4988976
4988977
4988978
4988979
4988980
4988981
4988982
4988983
4988984
4988985
4988986
4988989
4988990
4988993
4988994
4988996
4988998
4988999
4989003
4989004
4989013
4989014
4989019
4989020
4989031
4989039
4989052
4989053
4989054
4989057
4989059
4989060
4989061
4989062
4989063
4989066
4989067
4989073
4989074
4989075
4989076
4989080
4989081
4989084
4989085
4989111
4989113
4989115
4989122
4989123
4989124
4989125
4989133
4989134
4989138
4989139
4989140
4989143
4989144
4989145
4989146
4989149
4989150
4989153
4989154
4989216
4989217
4989218
4989219
4989222
4989226
4989227
4989228
4989229
4989230
4989238
4989239
4989241
4989242
4989243
4989249
4989253
4989255
4989259
4989262
4989264
4989266
4989269
4989272
4989274
4989276
4989278
4989280
4989282
4989284
4989286
4989288
4989290
4989300
4989307
4989324
4989328
4989329
4989331
4989334
4989335
4989336
4989338
4989339
4989340
4989342
4989343
4989344
4989345
4989346
4989347
4989348
4989349
4989350
4989351
4989352
4989353
4989354
4989355
4989356
4989358
4989359
4989362
4989363
4989367
4989368
4989369
4989370
4989371
4989372
4989373
4989374
4989375
4989376
4989377
4989378
4989379
4989380
4989381
4989382
4989383
4989384
4989385
4989386
4989387
4989388
4989389
4989390
4989391
4989392
4989393
4989394
4989395
4989396
4989397
4989398
4989399
4989400
4989401
4989402
4989403
4989404
4989405
4989406
4989410
4989412
4989413
4989414
4989415
4989416
4989418
4989419
4989427
4989428
4989429
4989430
4989431
4989432
4989433
4989434
4989435
4989436
4989437
4989438
4989439
4989440
4989441
4989442
4989443
4989444
4989445
4989446
4989447
4989448
4989451
4989454
4989456
4989458
4989462
4989464
4989466
4989467
4989468
4989469
4989470
4989471
4989472
4989473
4989474
4989475
4989478
4989479
4989480
4989481
4989482
4989483
4989485
4989487
4989489
4989490
4989491
4989492
4989494
4989498
4989499
4989501
4989511
4989514
4989515
4989516
4989517
4989518
4989519
4989520
4989521
4989538
4989539
4989543
4989545
4989556
4989559
4989561
4989565
4989567
4989569
4989570
4989585
4989587
4989589
4989591
4989593
4989595
4989597
4989599
4989601
4989603
4989608
4989609
4989610
4989611
4989613
4989614
4989623
4989625
4989627
4989629
4989631
4989635
4989636
4989638
4989640
4989641
4989642
4989643
4989645
4989646
4989655
4989656
4989670
4989672
4989673
4989674
4989675
4989679
4989680
4989681
4989682
4989683
4989684
4989685
4989686
4989687
4989688
4989691
4989692
4989693
4989694
4989725
4989730
4989741
4989742
4989746
4989749
4989751
4989754
4989755
4989756
4989757
4989759
4989762
4989763
4989765
4989766
4989768
4989770
4989772
4989773
4989779
4989795
4989796
4989797
4989798
4989799
4989800
4989802
4989804
4989805
4989806
4989807
4989808
4989809
4989810
4989812
4989813
4989814
4989815
4989816
4989817
4989818
4989823
4989825
4989826
4989827
4989828
4989830
4989831
4989834
4989838
4989840
4989841
4989844
4989846
4989849
4989851
4989853
4989856
4989858
4989861
4989867
4989907
4989908
4989912
4989914
4989916
4989918
4989920
4989924
4989928
4989930
4989933
4989935
4989937
4989939
4989942
4989944
4989947
4989949
4989951
4989953
4989955
4989957
4989958
4989959
4989960
4989961
4989963
4989964
4989965
4989966
4989968
4989977
4989994
4989996
4989999
4990003
4990007
4990011
4990013
4990028
4990029
4990031
4990044
4990045
4990050
4990053
4990057
4990060
4990063
4990065
4990067
4990069
4990071
4990074
4990076
4990078
4990082
4990084
4990085
4990088
4990092
4990096
4990099
4990101
4990103
4990106
4990108
4990110
4990112
4990116
4990123
4990125
4990128
4990130
4990132
4990134
4990136
4990139
4990140
4990141
4990146
4990147
4990151
4990155
4990158
4990159
4990165
4990167
4990169
4990175
4990176
4990180
4990183
4990186
4990188
4990189
4990191
4990203
4990207
4990213
4990235
4990237
4990238
4990239
4990241
4990277
4990282
4990285
4990290
4990291
4990311
4990312
4990313
4990314
4990319
4990321
4990340
4990341
4990342
4990343
4990344
4990347
4990351
4990352
4990354
4990355
4990356
4990361
4990371
4990372
4990374
4990375
4990377
4990379
4990380
4990385
4990392
4990394
4990398
4990399
4990401
4990425
4990426
4990428
4990429
4990455
4990456
4990458
4990459
4990462
4990465
4990466
4990467
4990468
4990469
4990470
4990472
4990476
4990488
4990489
4990490
4990491
4990494
4990499
4990501
4990504
4990505
4990507
4990508
4990510
4990512
4990523
4990524
4990525
4990526
4990527
4990530
4990531
4990536
4990537
4990540
4990541
4990543
4990544
4990545
4990546
4990547
4990548
4990549
4990550
4990552
4990553
4990554
4990555
4990556
4990557
4990558
4990559
4990566
4990568
4990571
4990573
4990575
4990583
4990587
4990589
4990591
4990593
4990595
4990600
4990602
4990603
4990604
4990605
4990606
4990607
4990610
4990614
4990615
4990616
4990617
4990618
4990619
4990620
4990621
4990622
4990623
4990627
4990628
4990629
4990630
4990631
4990634
4990635
4990636
4990637
4990638
4990639
4990651
4990652
4990656
4990657
4990659
4990664
4990666
4990667
4990668
4990672
4990686
4990687
4990688
4990689
4990690
4990691
4990692
4990693
4990694
4990696
4990697
4990698
4990702
4990703
4990705
4990706
4990708
4990709
4990711
4990721
4990724
4990727
4990730
4990731
4990732
4990734
4990735
4990736
4990746
4990748
4990750
4990751
4990769
4990770
4990771
4990772
4990773
4990774
4990775
4990776
4990777
4990778
4990779
4990780
4990781
4990782
4990783
4990784
4990785
4990786
4990795
4990796
4990797
4990798
4990805
4990850
4990861
4990862
4990863
4990869
4990878
4990879
4990880
4990881
4990883
4990889
4990891
4990892
4990893
4990896
4990899
4990900
4990901
4990903
4990904
4990905
4990906
4990907
4990908
4990911
4990912
4990913
4990914
4990915
4990916
4990917
4990918
4990919
4990920
4990921
4990922
4990923
4990924
4990927
4990928
4990929
4990930
4990931
4990932
4990933
4990934
4990935
4990936
4990937
4990938
4990939
4990940
4990941
4990942
4990943
4990944
4990945
4990946
4990947
4990971
4990979
4990981
4990982
4990983
4990984
4990985
4990986
4990987
4990988
4990990
4990991
4990992
4990993
4990994
4990996
4990997
4990998
4990999
4991000
4991008
4991009
4991011
4991013
4991014
4991029
4991035
4991036
4991039
4991040
4991041
4991042
4991043
4991057
4991065
4991067
4991068
4991069
4991070
4991071
4991072
4991073
4991074
4991075
4991083
4991084
4991086
4991088
4991089
4991090
4991092
4991093
4991094
4991095
4991096
4991097
4991098
4991099
4991100
4991101
4991102
4991103
4991105
4991107
4991108
4991109
4991110
4991111
4991112
4991113
4991115
4991117
4991119
4991121
4991123
4991125
4991127
4991129
4991131
4991133
4991135
4991203
4991259
4991261
4991263
4991265
4991266
4991267
4991268
4991269
4991275
4991276
4991277
4991289
4991295
4991296
4991297
4991302
4991304
4991306
4991308
4991310
4991312
4991313
4991314
4991316
4991317
4991320
4991331
4991335
4991336
4991337
4991338
4991339
4991343
4991344
4991345
4991346
4991347
4991348
4991350
4991351
4991352
4991353
4991354
4991355
4991356
4991359
4991361
4991362
4991363
4991367
4991368
4991369
4991370
4991371
4991372
4991373
4991374
4991377
4991378
4991380
4991383
4991385
4991387
4991388
4991390
4991392
4991394
4991396
4991398
4991401
4991402
4991403
4991404
4991409
4991413
4991414
4991416
4991418
4991419
4991422
4991423
4991424
4991428
4991433
4991435
4991437
4991438
4991439
4991440
4991443
4991444
4991446
4991447
4991448
4991449
4991451
4991452
4991453
4991454
4991455
4991456
4991457
4991458
4991460
4991462
4991463
4991464
4991465
4991466
4991467
4991468
4991469
4991470
4991471
4991476
4991478
4991480
4991481
4991482
4991483
4991484
4991485
4991487
4991489
4991492
4991494
4991496
4991502
4991504
4991507
4991508
4991509
4991510
4991511
4991513
4991514
4991515
4991522
4991523
4991533
4991535
4991536
4991538
4991539
4991541
4991542
4991543
4991546
4991548
4991549
4991550
4991555
4991557
4991560
4991562
4991563
4991564
4991565
4991566
4991567
4991568
4991570
4991572
4991574
4991576
4991577
4991578
4991579
4991582
4991583
4991584
4991585
4991586
4991587
4991588
4991589
4991592
4991593
4991594
4991595
4991596
4991597
4991600
4991601
4991603
4991604
4991606
4991607
4991610
4991612
4991613
4991615
4991620
4991623
4991641
4991643
4991644
4991646
4991649
4991653
4991655
4991659
4991660
4991661
4991665
4991670
4991671
4991675
4991679
4991683
4991684
4991685
4991686
4991687
4991698
4991703
4991705
4991706
4991707
4991708
4991709
4991710
4991711
4991714
4991718
4991719
4991721
4991722
4991723
4991724
4991725
4991726
4991727
4991728
4991729
4991730
4991731
4991732
4991733
4991734
4991735
4991736
4991737
4991738
4991739
4991740
4991741
4991742
4991743
4991744
4991747
4991748
4991751
4991752
4991753
4991754
4991755
4991757
4991761
4991762
4991764
4991765
4991767
4991768
4991772
4991773
4991774
4991778
4991779
4991780
4991781
4991782
4991783
4991787
4991789
4991791
4991797
4991799
4991800
4991801
4991802
4991803
4991805
4991806
4991807
4991810
4991812
4991814
4991816
4991821
4991822
4991823
4991824
4991825
4991826
4991827
4991830
4991833
4991834
4991837
4991840
4991841
4991845
4991847
4991848
4991849
4991850
4991851
4991853
4991855
4991859
4991860
4991861
4991862
4991866
4991868
4991869
4991870
4991871
4991872
4991874
4991879
4991880
4991881
4991882
4991883
4991884
4991885
4991886
4991888
4991889
4991890
4991893
4991894
4991895
4991903
4991905
4991906
4991907
4991909
4991910
4991911
4991913
4991914
4991915
4991916
4991932
4991933
4991934
4991935
4991936
4991937
4991939
4991940
4991941
4991942
4991968
4991979
4991982
4991988
4991989
4991991
4991992
4991993
4991994
4991999
4992000
4992003
4992006
4992007
4992009
4992013
4992014
4992015
4992067
4992068
4992069
4992075
4992076
4992077
4992078
4992079
4992080
4992081
4992082
4992083
4992084
4992085
4992086
4992087
4992089
4992091
4992092
4992093
4992094
4992096
4992097
4992098
4992099
4992100
4992101
4992102
4992103
4992105
4992106
4992107
4992108
4992109
4992110
4992114
4992115
4992116
4992117
4992118
4992119
4992120
4992121
4992122
4992124
4992125
4992126
4992128
4992140
4992144
4992146
4992147
4992148
4992149
4992151
4992152
4992154
4992155
4992158
4992162
4992175
4992178
4992179
4992181
4992184
4992185
4992186
4992187
4992188
4992189
4992190
4992191
4992193
4992195
4992196
4992197
5001175
5001180
5001186
5001192
5001196
5001201
5001206
5001212
5001218
5001236
5001241
5001247
5014326
5014327
5014328
5014329
5014330
5014340
5014343
5014344
5014350
5014351
5014352