1088908
1210530
122009
1321585
1334489
1387165
1456234
1715017
183841
190880
1970964
1990835
203906
203907
218695
224714
3719930
3719932
3719936
3719938
3719941
3719943
3719952
3719955
3719957
3719960
3719964
3719968
3720071
3720074
3720077
3720113
3720130
3720131
3720132
3720144
3720145
3720146
3720147
3720403
3720406
3720407
3720408
3720410
3720687
3720691
3720693
3720698
3720704
3720708
3720710
3720712
3720714
3720716
3720720
3720721
3720722
3720723
3720725
3720726
3720902
3720906
3720908
3720910
3720911
3720912
3720915
3720920
3720922
3720944
3720946
3720948
3720960
3720962
4916
405137
420687
508875
554878
584263
625055
625821
625861
844147
891458
4900643